   0 -170  83.7615 110.3043
   0 -160  83.8773 111.4180
   0 -150  83.8243 110.9271
   0 -140  83.2350 109.6033
   0 -130  82.6383 108.1821
   0 -120  82.2624 107.6038
   0 -110  82.0649 107.1198
   0 -100  81.7266 107.3054
   0  -90  80.9002 107.5334
  10  180  83.2292 105.0651
  10 -180  83.2292 105.0651
  10 -170  82.2973 107.9348
  10 -160  81.9556 108.4177
  10 -150  81.5031 108.5011
  10 -140  81.2925 108.2513
  10 -130  81.0783 108.3803
  10 -120  80.9477 108.7824
  10 -110  80.8939 108.9603
  10 -100  80.2473 108.6715
  10  -90  79.2582 108.7400
  20  170  83.0035 100.6043
  20  180  80.9815 105.0184
  20 -180  80.9815 105.0184
  20 -170  80.4831 107.0252
  20 -160  80.2352 107.6533
  20 -150  80.1694 108.1030
  20 -140  80.0252 109.1055
  20 -130  79.8456 109.6514
  20 -120  79.8252 109.9099
  20 -110  79.5652 108.9513
  20 -100  78.3056 107.4585
  20  -90  78.7112 106.7660
  30  160  83.4739 98.8630
  30  170  80.4256 103.1279
  30  180  79.7121 105.7726
  30 -180  79.7121 105.7726
  30 -170  79.2328 107.4034
  30 -160  78.9537 108.5555
  30 -150  78.8196 109.6055
  30 -140  78.7720 110.0356
  30 -130  78.6385 110.0408
  30 -120  78.3244 109.4307
  30 -110  77.9838 107.9518
  30 -100  78.0668 106.4485
  30  -90  78.3767 105.2877
  30  -80  78.1399 104.3425
  30  -70  77.2289 102.9376
  30  -60  75.7533 101.3552
  30  -50  75.2369 100.8870
  40   30  81.7607 98.4882
  40   40  78.8909 100.9273
  40   50  76.9592 101.9813
  40   60  76.5311 101.8801
  40  150  83.9661 99.3422
  40  160  80.8788 103.2765
  40  170  79.4626 105.1867
  40  180  78.5924 107.1920
  40 -180  78.5924 107.1920
  40 -170  77.9062 108.6853
  40 -160  77.6143 109.7440
  40 -150  77.6651 110.1868
  40 -140  77.7177 109.9714
  40 -130  77.6857 109.2555
  40 -120  77.5046 108.0263
  40 -110  77.4403 106.1287
  40 -100  77.5498 104.3313
  40  -90  77.5402 103.1395
  40  -80  77.1889 102.2750
  40  -70  76.5696 101.1032
  40  -60  75.8895 99.7825
  40  -50  75.5665 100.0108
  50    0  80.6303 101.5494
  50   10  83.7579 98.9458
  50   20  82.6283 99.4780
  50   30  79.9606 100.6832
  50   40  77.7897 102.1765
  50   50  77.6413 103.2112
  50   60  77.3575 102.5764
  50   70  75.8524 101.0951
  50   80  75.3903 100.8164
  50   90  76.2410 101.1528
  50  100  77.7319 101.8986
  50  110  78.7107 102.7589
  50  120  79.8306 104.9944
  50  140  83.8478 100.4386
  50  150  81.9868 102.4491
  50  160  80.1942 104.4576
  50  170  78.7162 106.5022
  50  180  79.1631 108.7802
  50 -180  79.1631 108.7802
  50 -170  79.0166 109.7831
  50 -160  76.7675 110.2510
  50 -150  76.9203 110.0376
  50 -140  77.0050 109.0158
  50 -130  76.9089 107.6048
  50 -120  76.6939 105.7148
  50 -110  76.4937 103.6707
  50 -100  76.3638 102.0037
  50  -90  76.2580 100.9693
  50  -80  76.1477 100.0937
  50  -70  76.0584 99.4228
  50  -60  76.0450 98.7276
  50  -50  76.5157 99.7881
  50  -40  77.0270 100.6644
  50  -30  77.9629 101.9590
  50  -20  79.0867 102.9494
  50  -10  79.4294 102.9566
  60    0  82.1303 100.5952
  60   10  82.7797 100.4190
  60   20  80.8571 101.6659
  60   30  79.0043 102.0647
  60   40  78.3258 103.2642
  60   50  78.7512 103.4700
  60   60  79.0534 103.2633
  60   70  77.7554 102.5968
  60   80  77.5716 102.1977
  60   90  78.0221 102.0008
  60  100  78.3401 102.3026
  60  110  78.9626 102.1582
  60  120  80.7634 101.2773
  60  130  83.2385 100.9330
  60  140  82.9840 101.9079
  60  150  80.9563 104.1535
  60  160  79.6709 105.5693
  60  170  79.3560 108.0221
  60  180  79.3335 109.0634
  60 -180  79.3335 109.0634
  60 -170  78.9643 109.8435
  60 -160  76.4856 109.9825
  60 -150  76.5869 109.1012
  60 -140  76.4841 107.3229
  60 -130  76.1692 105.3321
  60 -120  75.7669 103.1144
  60 -110  75.3555 100.9911
  60 -100  75.0817 99.2298
  60  -90  74.9708 98.2945
  60  -80  75.2047 97.8131
  60  -70  75.8825 97.8545
  60  -60  76.5836 98.2356
  60  -50  77.7397 98.9761
  60  -40  78.4168 101.1185
  60  -30  79.1409 101.9488
  60  -20  79.5703 102.2415
  60  -10  80.3404 101.8712
  70    0  82.7965 101.3088
  70   10  82.0035 101.9222
  70   20  80.3228 101.9432
  70   30  78.9572 103.1757
  70   40  79.5338 103.4626
  70   50  80.4360 103.8401
  70   60  80.6896 104.0328
  70   70  79.3547 103.7829
  70   80  79.6015 103.0845
  70   90  79.7401 102.2947
  70  100  80.3115 101.7582
  70  110  80.7407 101.9279
  70  120  82.5737 101.4332
  70  130  83.2173 101.6591
  70  140  81.7437 103.0749
  70  150  80.5057 104.3722
  70  160  79.7999 106.4892
  70  170  80.0778 108.3108
  70  180  79.8967 108.9856
  70 -180  79.8967 108.9856
  70 -170  79.1033 109.4192
  70 -160  76.7557 109.1443
  70 -150  76.5363 107.2817
  70 -140  76.0241 104.8133
  70 -130  75.3170 102.5061
  70 -120  74.5740 100.0800
  70 -110  73.9494 97.9608
  70 -100  73.6065 96.4882
  70  -90  73.6815 95.8416
  70  -80  74.2703 95.8792
  70  -70  75.4350 96.6786
  70  -60  76.9199 97.7862
  70  -50  78.4481 99.1150
  70  -40  79.6535 100.1610
  70  -30  80.6644 100.6214
  70  -20  80.9429 101.8461
  70  -10  82.0261 101.5275
  80    0  83.4390 100.9854
  80   10  81.6186 101.9130
  80   20  80.1787 102.7069
  80   30  80.1594 103.5700
  80   40  81.4013 104.1188
  80   50  82.1793 104.5171
  80   60  81.9678 104.8583
  80   70  80.8738 104.6543
  80   80  80.8552 103.6088
  80   90  81.0626 102.5582
  80  100  81.8852 101.8234
  80  110  82.2219 102.1696
  80  120  83.0942 101.9809
  80  130  83.2111 101.5736
  80  140  81.7082 103.3381
  80  150  80.5660 105.3643
  80  160  80.8506 107.1241
  80  170  81.1740 108.3910
  80  180  80.6268 108.7564
  80 -180  80.6268 108.7564
  80 -170  79.3916 108.6251
  80 -160  77.3479 107.6159
  80 -150  76.5043 104.9600
  80 -140  75.3200 101.9531
  80 -130  74.1094 99.4147
  80 -120  73.0520 96.9771
  80 -110  72.3263 95.0980
  80 -100  72.1184 93.9765
  80  -90  72.5767 93.8682
  80  -80  73.6670 94.5922
  80  -70  75.2829 95.8757
  80  -60  77.2059 97.3851
  80  -50  79.0641 98.8615
  80  -40  80.5752 99.9781
  80  -30  81.8330 100.7061
  80  -20  83.1686 100.7114
  80  -10  83.9461 100.3968
  90    0  82.8742 101.7188
  90   10  81.2549 102.3703
  90   20  80.6428 103.6202
  90   30  81.8629 104.2118
  90   40  83.3274 104.7775
  90   50  83.7307 105.2086
  90   60  83.0245 105.2797
  90   70  82.2209 104.6725
  90   80  81.9488 103.4087
  90   90  82.1613 102.5089
  90  100  83.0134 102.0026
  90  110  83.9879 101.8573
  90  120  84.0328 101.9107
  90  130  82.9999 102.5638
  90  140  81.9258 103.9012
  90  150  81.4476 105.5921
  90  160  82.1495 107.5519
  90  170  82.2470 108.3703
  90  180  81.2666 108.3018
  90 -180  81.2666 108.3018
  90 -170  79.5619 107.3066
  90 -160  77.6614 105.4791
  90 -150  75.9477 102.3103
  90 -140  74.1974 98.9943
  90 -130  72.6870 96.2695
  90 -120  71.5443 93.9415
  90 -110  70.9251 92.4214
  90 -100  71.0300 91.9045
  90  -90  71.9181 92.2867
  90  -80  73.5165 93.5252
  90  -70  75.6072 95.1990
  90  -60  77.8518 97.0268
  90  -50  79.9337 98.6244
  90  -40  81.6349 99.9253
  90  -30  83.0891 100.8509
  90  -20  84.0270 100.8555
  90  -10  84.0312 101.2478
 100    0  82.4899 102.2052
 100   10  81.5137 102.8748
 100   20  82.0369 104.1120
 100   30  83.8259 104.8360
 100   40  85.0217 105.5463
 100   50  84.7448 105.7636
 100   60  83.5797 105.3663
 100   70  83.0141 104.2238
 100   80  82.5694 102.9737
 100   90  83.0001 102.1811
 100  100  83.8948 102.0612
 100  110  84.4897 102.3558
 100  120  83.9158 102.7202
 100  130  82.6736 103.0922
 100  140  81.8944 104.6339
 100  150  82.7577 106.1118
 100  160  83.5755 107.6534
 100  170  83.2133 108.1120
 100  180  81.5704 107.3871
 100 -180  81.5704 107.3871
 100 -170  79.0521 105.4227
 100 -160  77.1519 102.9813
 100 -150  74.9405 99.5137
 100 -140  72.9358 96.2158
 100 -130  71.3122 93.5536
 100 -120  70.2487 91.6157
 100 -110  69.9158 90.7407
 100 -100  70.4647 90.7939
 100  -90  71.8409 91.8440
 100  -80  73.8955 93.4470
 100  -70  76.2943 95.2716
 100  -60  78.7083 97.5084
 100  -50  80.9362 99.2228
 100  -40  82.7792 100.5633
 100  -30  84.1191 101.0748
 100  -20  84.5960 101.5067
 100  -10  83.9812 102.0212
 110    0  82.3623 102.7969
 110   10  82.1783 103.7158
 110   20  83.7744 104.5953
 110   30  85.5034 105.4486
 110   40  85.9640 106.0933
 110   50  85.0173 105.8752
 110   60  84.2863 105.1269
 110   70  83.2990 103.7216
 110   80  83.2002 102.6693
 110   90  83.9105 102.1755
 110  100  84.6984 102.3442
 110  110  84.4909 102.8335
 110  120  83.3937 103.1871
 110  130  82.6860 103.5814
 110  140  82.9740 104.7829
 110  150  84.2731 106.3978
 110  160  84.6671 107.5267
 110  170  83.3652 107.5061
 110  180  80.7686 105.9814
 110 -180  80.7686 105.9814
 110 -170  78.7746 103.7226
 110 -160  76.2729 100.5069
 110 -150  73.8624 97.1486
 110 -140  71.7643 94.0890
 110 -130  70.1921 91.6831
 110 -120  69.3669 90.3170
 110 -110  69.5111 90.0818
 110 -100  70.5923 90.8538
 110  -90  72.4867 92.2717
 110  -80  74.8654 94.2454
 110  -70  77.3778 96.3498
 110  -60  79.8441 98.5224
 110  -50  82.1280 100.2294
 110  -40  83.9645 101.1794
 110  -30  84.9917 101.8708
 110  -20  84.8639 102.3830
 110  -10  83.6402 102.6401
 120    0  82.5549 103.5292
 120   10  83.4822 104.4092
 120   20  85.2714 105.1727
 120   30  86.3573 106.1175
 120   40  85.9935 106.3310
 120   50  84.5041 105.5007
 120   60  84.0508 104.1734
 120   70  83.3891 103.1716
 120   80  83.8436 102.4872
 120   90  84.5946 102.4825
 120  100  84.7356 102.7615
 120  110  84.0198 103.0897
 120  120  83.2637 103.3868
 120  130  83.2275 104.1158
 120  140  84.2022 105.1915
 120  150  85.3232 106.6447
 120  160  84.6411 107.3151
 120  170  82.3759 106.5436
 120  180  79.5002 104.2327
 120 -180  79.5002 104.2327
 120 -170  77.9932 101.5506
 120 -160  75.3235 98.3796
 120 -150  72.8540 95.3110
 120 -140  70.8827 92.8322
 120 -130  69.5808 91.1013
 120 -120  69.2110 90.4456
 120 -110  69.9248 90.8617
 120 -100  71.5672 92.2262
 120  -90  73.8458 94.0800
 120  -80  76.3810 96.1497
 120  -70  78.9634 98.2351
 120  -60  81.4282 99.9413
 120  -50  83.5122 101.1385
 120  -40  84.9702 102.0074
 120  -30  85.4198 102.9654
 120  -20  84.6269 103.3067
 120  -10  83.2629 103.4129
 130    0  83.3097 104.6878
 130   10  84.7496 105.1372
 130   20  86.1604 106.1011
 130   30  86.3431 106.7340
 130   40  85.1748 106.2533
 130   50  84.6281 104.7981
 130   60  83.4542 103.3586
 130   70  83.5137 102.6935
 130   80  84.1670 102.6188
 130   90  84.5797 102.9450
 130  100  84.3657 103.2778
 130  110  83.6879 103.3473
 130  120  83.3276 103.5414
 130  130  83.8833 104.4090
 130  140  85.1752 105.4935
 130  150  85.2682 106.6883
 130  160  83.6551 106.6785
 130  170  81.0501 105.2332
 130  180  79.5074 102.9885
 130 -180  79.5074 102.9885
 130 -170  76.7427 99.9587
 130 -160  74.1872 97.0240
 130 -150  72.1037 94.5322
 130 -140  70.6342 92.8004
 130 -130  69.9183 91.9948
 130 -120  70.1580 92.0132
 130 -110  71.3666 93.1203
 130 -100  73.2991 94.7145
 130  -90  75.6715 96.5122
 130  -80  78.1863 98.3478
 130  -70  80.6722 99.9423
 130  -60  82.8665 101.0066
 130  -50  84.5914 102.1295
 130  -40  85.4091 103.0344
 130  -30  85.2245 103.7022
 130  -20  84.1646 104.0252
 130  -10  83.1082 104.1997
 140    0  84.0758 105.0834
 140   10  85.4470 105.8989
 140   20  86.0468 106.8604
 140   30  85.2581 107.1034
 140   40  83.5720 106.0739
 140   50  83.2801 104.1050
 140   60  82.7821 103.0177
 140   70  82.3209 103.5977
 140   80  83.1239 104.0110
 140   90  83.5370 104.3870
 140  100  83.9215 103.9661
 140  110  83.2263 103.8657
 140  120  83.3828 104.2368
 140  130  84.6593 105.1630
 140  140  85.4059 105.8872
 140  150  84.4851 106.6421
 140  160  82.1827 106.0634
 140  170  79.1133 104.3646
 140  180  77.6573 101.9783
 140 -180  77.6573 101.9783
 140 -170  73.8343 99.6319
 140 -160  71.9516 97.5147
 140 -150  70.7285 95.9070
 140 -140  70.2134 94.9111
 140 -130  71.1205 94.4010
 140 -120  71.8313 94.9453
 140 -110  73.2744 96.0414
 140 -100  75.2381 97.5321
 140  -90  77.4715 99.0221
 140  -80  79.8158 100.2375
 140  -70  82.0224 101.2544
 140  -60  83.8956 102.1636
 140  -50  85.0104 103.0314
 140  -40  85.2861 103.7532
 140  -30  84.7264 104.3030
 140  -20  83.6773 104.6565
 140  -10  83.0123 104.5529
 150    0  84.3880 105.7072
 150   10  85.2652 106.6426
 150   20  84.8833 107.4405
 150   30  83.2849 107.1629
 150   40  82.5683 105.4684
 150   50  81.7151 103.7513
 150   60  80.9428 103.9393
 150   70  81.8076 104.1036
 150   80  82.6822 104.7820
 150   90  82.9524 105.0827
 150  100  82.9789 104.7821
 150  110  82.8471 104.4864
 150  120  84.1762 104.8793
 150  130  85.1055 105.5020
 150  140  84.8548 105.9221
 150  150  82.9552 106.3237
 150  160  79.7660 105.4649
 150  170  77.9788 103.7220
 150  180  74.3187 101.9080
 150 -180  74.3187 101.9080
 150 -170  72.6451 100.2693
 150 -160  71.4440 98.9975
 150 -150  71.0160 98.1103
 150 -140  71.2328 97.6762
 150 -130  72.6818 97.4934
 150 -120  73.7813 98.0609
 150 -110  75.3369 98.9997
 150 -100  77.2027 100.1333
 150  -90  79.3345 101.0381
 150  -80  81.4684 101.9461
 150  -70  83.0947 102.5233
 150  -60  84.3208 103.1669
 150  -50  84.9167 103.7297
 150  -40  84.8101 104.2464
 150  -30  83.9693 104.7396
 150  -20  83.0177 104.8900
 150  -10  82.7178 104.8475
 160    0  84.2521 106.3907
 160   10  84.1789 107.1012
 160   20  82.7766 107.3883
 160   30  80.7099 106.7737
 160   40  80.4740 105.0007
 160   50  79.3555 104.6422
 160   90  81.9265 105.5584
 160  100  82.5244 104.8180
 160  110  83.0247 104.9087
 160  120  84.6695 105.1786
 160  130  84.9371 105.5989
 160  150  80.3110 105.8243
 160  160  76.8320 104.9952
 160  170  74.3564 103.6721
 160  180  72.6800 102.0742
 160 -180  72.6800 102.0742
 160 -140  72.6958 100.8295
 160 -130  74.5345 100.6858
 160 -120  75.8514 101.0547
 160 -110  77.3478 101.5409
 160 -100  79.0032 102.0644
 160  -90  80.6745 102.6342
 160  -80  81.9920 102.8813
 160  -70  83.4202 103.0827
 160  -60  84.0917 103.7616
 160  -50  84.4756 104.2586
 160  -40  83.8968 104.7384
 160  -30  82.8856 105.0973
 160  -20  82.2598 105.0587
 160  -10  83.4227 105.7115
 170    0  83.4178 106.9805
 170   10  82.1876 107.4284
 170   20  80.0105 107.1626
 170   30  79.0544 105.7937
 170   40  77.6343 105.4806
 170  100  82.5094 104.9914
 170  110  83.0106 104.6986
 170  160  73.9615 104.9394
 170 -140  74.6279 104.0333
 170 -130  76.4220 103.2903
 170 -120  77.6154 103.2726
 170 -110  78.7653 103.2354
 170 -100  80.0166 103.4204
 170  -90  81.3166 103.4914
 170  -80  82.6345 103.3928
 170  -70  83.4598 103.6579
 170  -60  83.7107 103.9706
 170  -50  83.6335 104.5480
 170  -40  82.6603 105.0849
 170  -30  82.0034 105.2086
 170  -20  81.9313 105.4659
 170  -10  83.4143 106.4033
 180   30  75.9986 105.8339
 180   90  81.0073 105.9085
 180  100  82.3669 104.6896
 180 -140  76.6403 106.6259
 180 -130  78.0090 105.1638
 180 -120  78.9195 104.6063
 180 -110  79.9184 104.3430
 180 -100  81.0229 104.2660
 180  -90  81.9627 103.8596
 180  -80  82.8273 103.8416
 180  -70  83.2090 103.6988
 180  -60  83.2416 103.9087
 180  -50  82.7069 104.5512
 180  -40  81.9898 105.0733
 180  -30  81.7934 105.4454
 180  -20  81.7875 105.9658
 180  -10  82.7789 106.9137
-180   30  75.9986 105.8339
-180   90  81.0073 105.9085
-180  100  82.3669 104.6896
-180 -140  76.6403 106.6259
-180 -130  78.0090 105.1638
-180 -120  78.9195 104.6063
-180 -110  79.9184 104.3430
-180 -100  81.0229 104.2660
-180  -90  81.9627 103.8596
-180  -80  82.8273 103.8416
-180  -70  83.2090 103.6988
-180  -60  83.2416 103.9087
-180  -50  82.7069 104.5512
-180  -40  81.9898 105.0733
-180  -30  81.7934 105.4454
-180  -20  81.7875 105.9658
-180  -10  82.7789 106.9137
-170   90  81.4946 105.5838
-170 -150  76.5649 111.6782
-170 -140  78.1761 108.1621
-170 -130  79.0199 106.4864
-170 -120  80.2090 105.1157
-170 -110  80.9757 104.8686
-170 -100  81.6107 104.5681
-170  -90  82.4832 104.0589
-170  -80  82.8700 103.7896
-170  -70  83.1042 103.8090
-170  -60  82.6691 103.8966
-170  -50  82.2452 104.4180
-170  -40  81.8409 105.0127
-170  -30  81.7208 105.6930
-160 -140  79.4477 109.6775
-160 -130  80.6543 106.1261
-160 -120  81.5276 104.9906
-160 -110  81.8825 105.0299
-160 -100  82.3426 105.1354
-160  -90  82.7516 104.3699
-160  -80  83.0808 104.3322
-160  -70  82.8176 104.2563
-160  -60  82.3933 104.2197
-160  -50  82.0196 104.4928
-160  -40  81.7598 105.1022
-150 -130  86.1364 108.7248
-150 -120  82.1420 105.7624
-150 -110  82.4133 106.1416
-150 -100  82.6395 106.0843
-150  -90  83.0170 105.2451
-150  -80  82.8843 105.1338
-150  -70  82.5635 105.0386
-150  -60  82.1311 104.6709
-150  -50  81.7242 104.4140
-140 -130  80.3407 110.4263
-140 -120  82.5660 107.7031
-140 -110  82.8140 107.8525
-140 -100  83.0069 106.9526
-140  -90  82.8186 106.7396
-140  -80  82.5901 106.4928
-140  -70  82.3184 106.1274
-140  -60  81.7390 105.2306
-130 -130  81.1544 110.7777
-130 -120  82.3061 109.2507
-130 -110  82.8236 109.0875
-130 -100  82.6828 108.8245
-130  -90  82.4773 108.8942
-130  -80  82.3816 108.6656
-130  -70  82.0821 107.4041
-120 -140  80.9195 114.3502
-120 -130  82.6367 110.5955
-120 -120  82.6800 109.8177
-120 -110  82.6590 110.7096
-120 -100  82.4716 110.8581
-120  -90  82.3453 110.5069
-120  -80  82.1388 108.8700
-120  -70  81.5911 105.7919
-110 -140  82.0713 110.9114
-110 -130  82.1906 109.8210
-110 -120  82.7470 110.6607
-110 -110  82.7549 111.0193
-110 -100  82.6922 110.1411
-110  -90  82.1937 108.2198
-110  -80  81.5000 104.9720
-100 -130  82.1110 110.7411
-100 -120  83.3929 109.3312
-100 -110  82.8946 107.2694
-100 -100  81.9720 106.0843
-100  -90  81.2312 103.2705
-100  -80  80.7546 100.3728
-100  -70  80.0797 97.7939
 -90 -120  81.9091 105.6241
 -90 -110  81.0896 101.9466
 -90 -100  80.7646 102.2340
 -90  -90  80.8999 100.5852
 -90  -80  80.8531 99.2179
 -90  -70  80.3134 97.2866
 -90  -60  78.6129 94.9935
 -80 -120  82.1903 101.8047
 -80 -110  81.3366 102.5468
 -80 -100  81.1226 102.2650
 -80  -90  81.7102 102.3649
 -80  -80  81.4093 100.9922
 -80  -70  80.3834 100.0136
 -70 -130  84.2154 105.4526
 -70 -120  82.9345 106.4200
 -70 -110  81.7813 105.3798
 -70 -100  82.7501 107.2988
 -70  -90  82.4085 107.4324
 -70  -80  81.8964 106.8111
 -60 -130  83.9779 109.4499
 -60 -120  83.8653 110.0545
 -60 -110  83.8271 112.1897
 -60 -100  83.8097 113.2517
 -60  -90  84.0236 112.4487
 -50 -140  84.9035 110.5121
 -50 -130  84.6317 111.9318
 -50 -120  84.7753 114.7864
 -50 -110  85.3788 116.5655
 -50 -100  86.4762 115.9928
 -50  -90  87.1243 114.9208
 -40 -150  86.4013 110.7481
 -40 -140  85.4633 112.8116
 -40 -130  85.7084 115.6423
 -40 -120  86.3499 117.3296
 -40 -110  88.8295 117.5182
 -40 -100  90.8291 116.6893
 -40  -90  91.2395 115.0282
 -30 -160  87.8154 111.3752
 -30 -150  86.2114 113.1861
 -30 -140  86.3569 115.6195
 -30 -130  87.2555 116.6917
 -30 -120  88.3684 115.9675
 -30 -110  90.0890 114.7266
 -30 -100  89.6520 113.9004
 -30  -90  88.3411 110.7296
 -30  -80  86.5166 106.5840
 -30  -70  84.9268 102.9902
 -20 -160  86.6032 113.2491
 -20 -150  86.2801 115.0545
 -20 -140  87.1236 115.2055
 -20 -130  87.9285 114.4682
 -20 -120  87.6640 113.4128
 -20 -110  87.0535 111.1901
 -20 -100  85.7007 108.0335
 -20  -90  84.6075 105.3386
 -20  -80  83.6846 103.6557
 -20  -70  82.9355 102.0542
 -10 -170  86.1780 112.0309
 -10 -160  85.2031 113.6500
 -10 -150  85.8694 113.4870
 -10 -140  86.3165 112.9448
 -10 -130  85.6499 111.3513
 -10 -120  84.4684 108.8254
 -10 -110  83.5712 106.9807
 -10 -100  82.9888 105.9525
 -10  -90  82.4497 105.0377
 -10  -80  81.6809 105.3269
