   0   20  74.4696 72.2243
   0   30  78.3189 76.4305
   0   40  81.0689 80.9809
   0   50  83.2071 85.1037
   0   60  85.1893 88.1976
   0   70  87.0231 90.4983
   0   80  88.4894 91.6578
   0   90  88.9675 91.3766
   0  100  88.3930 90.7949
   0  110  87.9102 90.1481
   0  120  87.4487 89.2793
   0  130  86.6363 88.0900
   0  140  84.5229 87.4011
  10   10  72.7721 72.6600
  10   20  76.9013 75.6982
  10   30  80.4056 79.7779
  10   40  82.7933 83.5817
  10   50  84.5650 86.4450
  10   60  85.8524 88.6385
  10   70  86.7397 89.7249
  10   80  87.0653 89.7435
  10   90  87.1368 89.8827
  10  100  87.0487 89.9839
  10  110  87.0027 89.5511
  10  120  86.4476 89.1297
  10  130  85.6055 88.3757
  10  140  83.7540 89.7085
  20    0  72.3240 74.4606
  20   10  75.7700 76.8516
  20   20  79.6485 79.6041
  20   30  82.4055 82.3905
  20   40  84.2185 84.5336
  20   50  85.2601 86.0365
  20   60  85.9276 87.1290
  20   70  86.3291 87.3668
  20   80  86.5551 87.9627
  20   90  86.6561 88.1841
  20  100  86.6365 88.6883
  20  110  85.7237 88.0075
  20  120  85.0274 87.5643
  20  130  84.5633 88.8569
  30    0  76.4158 78.2496
  30   10  79.8592 80.3528
  30   20  82.4980 82.3925
  30   30  83.7746 83.6768
  30   40  84.6696 84.3705
  30   50  85.3475 85.2640
  30   60  85.8982 85.6982
  30   70  86.3903 86.1842
  30   80  86.6392 87.1372
  30   90  86.5510 87.7808
  30  100  85.8821 87.8117
  30  110  85.2659 87.7928
  30  120  84.3744 86.9664
  30  130  84.4159 87.1353
  30  -10  73.2341 76.4284
  40    0  81.1262 80.9834
  40   10  83.6418 82.6819
  40   20  84.5670 84.1679
  40   30  84.5059 84.6006
  40   40  85.0331 84.9041
  40   50  85.7691 85.6030
  40   60  86.4002 85.9167
  40   70  86.7269 86.3847
  40   80  86.6933 87.4367
  40   90  86.1363 87.5423
  40  100  85.3234 87.5034
  40  110  84.6932 86.8774
  40  120  84.1715 85.6320
  40  130  84.4239 84.4070
  40  -20  75.3198 78.2821
  40  -10  77.6836 79.7021
  50    0  85.1754 83.1041
  50   10  86.5422 84.4976
  50   20  86.0889 85.1549
  50   30  85.3511 85.2807
  50   40  85.7184 85.6649
  50   50  86.2614 86.1741
  50   60  86.6026 86.2100
  50   70  86.6473 86.8541
  50   80  86.1608 87.0340
  50   90  85.4939 87.1387
  50  100  84.6401 86.3185
  50  110  83.7698 85.4090
  50  120  83.2920 83.7342
  50  130  82.6115 82.6234
  50  140  82.6970 81.1716
  50  150  83.5371 79.8432
  50  160  85.1928 78.0255
  50  -30  78.5333 80.1580
  50  -20  79.0100 80.9007
  50  -10  82.4483 81.9509
  60    0  88.2684 85.0902
  60   10  88.7158 85.7737
  60   20  87.1895 85.8725
  60   30  85.8603 85.7977
  60   40  85.9538 86.3124
  60   50  86.2914 86.4745
  60   60  86.4593 86.3105
  60   70  86.2960 86.5038
  60   80  85.6460 86.6180
  60   90  84.6554 85.7287
  60  100  83.4607 84.5075
  60  110  82.5207 83.2183
  60  120  81.4834 81.7186
  60  130  81.1301 79.6890
  60  140  80.9911 78.7000
  60  150  81.9216 77.6940
  60  160  83.4518 76.4693
  60  170  84.7541 76.7104
  60  180  83.4874 78.8084
  60 -180  83.4874 78.8084
  60 -170  81.9388 81.9137
  60 -160  81.0465 82.4828
  60 -150  84.2929 83.1225
  60 -140  85.7678 83.5152
  60 -100  89.8229 81.6678
  60  -40  81.7747 81.8763
  60  -30  81.4417 82.0764
  60  -20  83.4662 82.9615
  60  -10  86.1648 83.7912
  70    0  90.6090 87.0345
  70   10  89.8023 86.7196
  70   20  87.4152 86.3250
  70   30  86.2839 86.3083
  70   40  86.5008 86.6096
  70   50  86.9740 86.5178
  70   60  86.6313 86.2338
  70   70  86.0659 85.9947
  70   80  84.9455 85.3470
  70   90  83.4332 83.8472
  70  100  81.8141 82.2906
  70  110  80.4895 80.7040
  70  120  79.4788 78.9572
  70  130  79.0274 77.1266
  70  140  79.3311 76.2143
  70  150  80.4613 75.6948
  70  160  81.5366 75.9122
  70  170  82.8579 77.3145
  70  180  83.1102 79.6917
  70 -180  83.1102 79.6917
  70 -170  82.7046 81.4410
  70 -160  82.5572 82.2722
  70 -150  85.4057 83.9965
  70 -140  87.9179 84.5074
  70 -130  90.7553 84.8080
  70 -120  92.2811 84.5596
  70 -110  91.4962 83.1348
  70 -100  87.3899 82.2221
  70  -90  87.2398 81.3204
  70  -80  91.3536 80.1226
  70  -70  91.1293 80.3886
  70  -60  85.5717 81.9259
  70  -50  84.6755 82.5651
  70  -40  84.6463 82.8142
  70  -30  84.4580 83.5760
  70  -20  86.9769 84.5103
  70  -10  89.1617 85.8293
  80    0  91.6504 88.4308
  80   10  89.8851 87.0312
  80   20  87.9730 86.5004
  80   30  87.2158 86.5096
  80   40  87.5102 86.5762
  80   50  87.1526 86.0952
  80   60  86.6967 85.5412
  80   70  85.4235 84.8741
  80   80  83.6132 83.5256
  80   90  81.5825 81.6411
  80  100  79.6411 79.7235
  80  110  78.0779 77.8878
  80  120  76.9958 76.0598
  80  130  76.6414 74.6429
  80  140  77.2720 74.2008
  80  150  78.7776 74.2791
  80  160  80.7945 74.9469
  80  170  81.5285 76.9031
  80  180  82.1077 78.9882
  80 -180  82.1077 78.9882
  80 -170  82.6923 80.6336
  80 -160  84.2984 82.3119
  80 -150  86.5331 83.6910
  80 -140  90.0767 85.1076
  80 -130  92.6366 84.5097
  80 -120  93.0541 83.9376
  80 -110  90.7975 82.5429
  80 -100  87.7514 81.8389
  80  -90  89.4442 81.4847
  80  -80  91.9312 81.1047
  80  -70  89.7273 81.1788
  80  -60  87.0016 81.9159
  80  -50  87.4920 82.9661
  80  -40  86.3784 83.6432
  80  -30  87.7236 84.7810
  80  -20  89.6719 86.1791
  80  -10  91.4826 88.0553
  90    0  91.4414 88.8444
  90   10  90.0231 87.0777
  90   20  88.3911 86.5524
  90   30  87.8710 86.4244
  90   40  87.6024 86.0468
  90   50  87.2561 85.4545
  90   60  85.8790 84.5741
  90   70  83.9184 83.3309
  90   80  81.6780 81.5024
  90   90  79.3445 79.2531
  90  100  77.2235 77.1683
  90  110  75.5826 75.2275
  90  120  74.5946 73.5321
  90  130  74.5443 72.6265
  90  140  75.5401 72.6001
  90  150  77.3787 73.2232
  90  160  79.5487 74.5499
  90  170  81.1943 76.4977
  90  180  82.2781 78.7207
  90 -180  82.2781 78.7207
  90 -170  83.6059 80.8256
  90 -160  85.9482 82.8991
  90 -150  88.7263 84.8363
  90 -140  92.0576 85.4014
  90 -130  93.7362 84.5003
  90 -120  92.5690 83.0957
  90 -110  89.7616 82.0557
  90 -100  88.4568 81.6905
  90  -90  90.4836 81.7743
  90  -80  90.7372 81.8132
  90  -70  88.6860 81.7068
  90  -60  88.4853 82.3546
  90  -50  88.3900 83.5298
  90  -40  88.1661 84.4587
  90  -30  90.2071 85.9888
  90  -20  91.7689 88.2907
  90  -10  92.4593 89.9804
 100    0  90.8743 88.3427
 100   10  90.0282 86.9314
 100   20  88.7545 86.5488
 100   30  87.9618 85.7705
 100   40  87.6148 85.2676
 100   50  86.3680 84.5498
 100   60  84.5552 83.4120
 100   70  82.3307 81.7870
 100   80  79.8044 79.5646
 100   90  77.2283 77.1727
 100  100  74.9586 74.8900
 100  110  73.3150 72.9721
 100  120  72.5481 71.5931
 100  130  72.8797 71.1442
 100  140  74.3024 71.6944
 100  150  76.4393 72.9328
 100  160  78.7120 74.8229
 100  170  80.7383 77.0676
 100  180  82.6081 79.4649
 100 -180  82.6081 79.4649
 100 -170  84.9459 81.9917
 100 -160  87.2140 83.8308
 100 -150  90.6043 85.4017
 100 -140  93.0199 84.9782
 100 -130  92.9989 83.7284
 100 -120  90.5585 82.5983
 100 -110  88.2426 81.8781
 100 -100  88.8213 81.7691
 100  -90  89.8875 82.2605
 100  -80  88.4632 82.2648
 100  -70  87.3738 82.0229
 100  -60  88.4414 82.8458
 100  -50  88.6966 83.9264
 100  -40  90.4704 85.3780
 100  -30  91.9673 87.5021
 100  -10  92.2255 90.7919
 110    0  90.2559 87.8226
 110   10  89.6518 86.8447
 110   20  88.0545 85.5759
 110   30  87.8445 85.2371
 110   40  86.9621 84.6653
 110   50  85.4307 83.8158
 110   60  83.2856 82.4772
 110   70  80.7885 80.4198
 110   80  77.9902 77.9667
 110   90  75.3001 75.5126
 110  100  73.0384 73.2665
 110  110  71.5609 71.4853
 110  120  71.1590 70.5325
 110  130  72.0116 70.5908
 110  140  73.8616 71.7089
 110  150  76.1900 73.5795
 110  160  78.5504 75.7927
 110  170  80.8876 78.1980
 110  180  83.3675 80.6560
 110 -180  83.3675 80.6560
 110 -170  86.4109 83.1728
 110 -160  89.2152 84.6950
 110 -150  91.7966 85.3785
 110 -140  92.4069 84.4323
 110 -130  90.8549 83.3327
 110 -120  88.3830 82.3535
 110 -110  87.7798 81.8735
 110 -100  88.5705 82.0210
 110  -90  87.4027 82.4784
 110  -80  85.3118 82.3112
 110  -70  85.7008 82.1934
 110  -60  87.5540 83.2343
 110  -50  89.5108 84.4832
 110  -40  91.3457 86.1155
 110  -10  91.0493 90.4727
 120    0  89.3850 87.4088
 120   10  89.2040 86.3922
 120   20  87.6019 84.9733
 120   30  87.0780 84.2947
 120   40  85.7558 84.0972
 120   50  83.9031 83.2790
 120   60  81.7901 81.4313
 120   70  79.0058 79.3963
 120   80  76.1803 76.9283
 120   90  73.6389 74.4445
 120  100  71.6684 72.4147
 120  110  70.5952 71.0493
 120  120  70.7936 70.6301
 120  130  72.2167 71.3154
 120  140  74.3670 72.8452
 120  150  76.8076 74.9843
 120  160  79.2094 77.2341
 120  170  81.6938 79.5768
 120  180  84.4470 82.0156
 120 -180  84.4470 82.0156
 120 -170  87.3598 83.7126
 120 -160  90.5952 85.2300
 120 -150  91.9117 85.0695
 120 -140  90.8754 83.8799
 120 -130  88.3988 82.8481
 120 -120  86.6492 82.2141
 120 -110  87.6730 82.2576
 120 -100  87.1416 82.4961
 120  -90  83.2152 82.6336
 120  -80  82.3463 82.4565
 120  -70  84.7112 82.8795
 120  -60  87.3943 83.8727
 120  -50  90.7219 85.2540
 120  -10  89.2625 88.9531
 130    0  88.1040 86.5613
 130   10  88.5697 85.4714
 130   20  88.8362 84.3710
 130   30  87.2985 84.3660
 130   40  84.4859 84.3934
 130   50  82.7201 82.5180
 130   60  79.7530 80.9950
 130   70  77.2108 78.9089
 130   80  74.7749 76.5502
 130   90  72.7006 74.4630
 130  100  71.1976 72.7587
 130  110  70.6646 71.9219
 130  120  71.3936 72.0167
 130  130  73.2031 73.0926
 130  140  75.5492 74.7866
 130  150  77.9559 76.8793
 130  160  80.3766 78.9933
 130  170  82.9683 81.1793
 130  180  85.8372 83.3092
 130 -180  85.8372 83.3092
 130 -170  88.7155 84.3319
 130 -160  91.1086 85.2520
 130 -150  90.9794 84.5960
 130 -140  88.6216 83.6236
 130 -130  86.1075 82.9388
 130 -120  86.5221 82.4783
 130 -110  87.3392 82.5953
 130 -100  83.9743 82.5297
 130  -90  80.3061 82.9190
 130  -80  80.9813 83.4803
 130  -70  84.2954 83.8391
 130  -60  88.2439 84.8617
 130  -50  91.6917 85.9059
 130  -10  87.4009 87.8038
 140    0  87.4376 84.4083
 140   10  89.8220 83.7343
 140   50  81.2263 82.6608
 140   60  78.8568 80.8779
 140   70  76.2645 79.2294
 140   80  74.3184 77.1634
 140   90  72.7324 75.5244
 140  100  71.7698 74.2402
 140  110  71.8051 73.7231
 140  120  72.9420 74.2536
 140  130  74.9012 75.4398
 140  140  77.1523 77.0139
 140  150  79.3810 78.9375
 140  160  81.6363 80.8337
 140  170  84.0747 82.4596
 140  180  86.9854 83.7115
 140 -180  86.9854 83.7115
 140 -170  89.5621 84.6906
 140 -160  90.7220 84.9590
 140 -150  89.1492 84.2171
 140 -140  86.1275 83.5225
 140 -130  84.5481 83.1688
 140 -120  86.5347 82.8715
 140 -110  86.0248 82.6057
 140  -80  80.4724 84.9622
 140  -70  84.6207 85.2379
 140  -60  89.4131 84.7756
 140  -10  85.4933 85.6408
 150   50  79.8360 83.4109
 150   60  77.8280 81.8657
 150   70  75.7670 80.4208
 150   80  74.3547 78.6847
 150   90  73.3264 77.2929
 150  100  73.0349 76.3800
 150  110  73.6238 76.0876
 150  120  75.0515 76.6769
 150  130  76.9775 77.9151
 150  140  78.9961 79.2867
 150  150  80.9450 80.8289
 150  160  82.8309 82.4403
 150  170  84.8804 83.6757
 150  180  87.8065 84.4403
 150 -180  87.8065 84.4403
 150 -170  89.5734 85.0046
 150 -160  89.2987 84.8010
 150 -150  86.6469 84.1880
 150 -140  83.9308 83.7073
 150 -130  84.5886 82.7870
 150 -120  87.4754 83.3142
 150  -70  85.2959 85.2538
 160   50  78.0553 85.1480
 160   60  76.5825 83.3311
 160   70  75.9919 81.4901
 160   80  75.0321 80.6953
 160   90  74.6457 79.5227
 160  100  74.9049 78.6620
 160  110  75.8468 78.4736
 160  120  77.3375 79.1066
 160  130  79.1280 80.2865
 160  140  80.9085 81.5673
 160  150  82.5346 82.7690
 160  160  84.0977 84.0545
 160  170  85.5966 84.8028
 160  180  88.0272 84.9983
 160 -180  88.0272 84.9983
 160 -170  88.7989 85.0827
 160 -160  87.2661 84.5611
 160 -150  84.2945 84.1208
 160 -140  82.5306 83.1975
 160 -130  84.8533 82.2613
 170   60  76.7585 84.7112
 170   70  77.3937 82.7875
 170   80  76.9671 81.4478
 170   90  76.6089 81.1397
 170  100  77.1356 80.6554
 170  110  78.2206 80.8569
 170  120  79.6634 81.6039
 170  130  81.2061 82.8955
 170  140  82.5931 83.9721
 170  150  83.7611 84.8201
 170  160  84.8026 85.4725
 170  170  85.9312 85.8795
 170  180  87.8600 85.2755
 170 -180  87.8600 85.2755
 170 -170  87.3858 84.8324
 170 -160  85.2176 84.1048
 170 -150  82.5299 83.0370
 170 -140  80.6321 80.8755
 180   60  78.9493 83.4462
 180   70  79.7343 83.0786
 180   80  79.1021 82.1198
 180   90  78.8284 82.1799
 180  100  79.5332 82.5343
 180  110  80.7093 83.2939
 180  120  82.0612 84.3736
 180  130  83.3268 85.7240
 180  140  83.8371 86.9562
 180  150  84.5498 87.6958
 180  160  85.0125 87.8752
 180  170  85.3558 87.7652
 180  180  86.9244 86.8610
 180 -180  86.9244 86.8610
 180 -170  86.1587 86.0129
 180 -160  83.6490 83.4029
 180 -150  79.5201 79.3016
-180   60  78.9493 83.4462
-180   70  79.7343 83.0786
-180   80  79.1021 82.1198
-180   90  78.8284 82.1799
-180  100  79.5332 82.5343
-180  110  80.7093 83.2939
-180  120  82.0612 84.3736
-180  130  83.3268 85.7240
-180  140  83.8371 86.9562
-180  150  84.5498 87.6958
-180  160  85.0125 87.8752
-180  170  85.3558 87.7652
-180  180  86.9244 86.8610
-180 -180  86.9244 86.8610
-180 -170  86.1587 86.0129
-180 -160  83.6490 83.4029
-180 -150  79.5201 79.3016
-170   60  82.0267 81.8477
-170   70  81.4928 82.5637
-170   80  80.7013 82.6245
-170   90  80.9757 83.4860
-170  100  82.0527 84.7746
-170  110  83.2360 86.2630
-170  120  83.7848 87.2608
-170  130  84.4066 88.6454
-170  140  84.7903 89.4784
-170  150  85.0580 89.4223
-170  160  85.1356 88.6734
-170  170  84.8543 87.2350
-170  180  86.0962 86.0723
-170 -180  86.0962 86.0723
-170 -170  84.7272 84.6572
-170 -160  80.2708 81.4154
-160   60  82.5720 81.0092
-160   70  82.3179 82.4301
-160   80  82.3514 84.2328
-160   90  83.1275 85.9053
-160  100  83.8797 87.1195
-160  110  84.7274 89.1523
-160  120  85.2427 90.5589
-160  130  85.3125 91.0137
-160  140  85.0275 90.6467
-160  150  84.8223 89.1788
-160  160  84.6488 87.1927
-160  170  84.1979 85.1687
-160  180  83.4543 83.5649
-160 -180  83.4543 83.5649
-160 -170  81.5025 80.1522
-150   60  83.1924 84.1980
-150   70  84.0822 85.3642
-150   80  83.7165 86.4074
-150   90  84.9034 88.6070
-150  100  85.4335 90.5534
-150  110  85.4448 91.6886
-150  120  85.0692 91.8832
-150  130  84.6310 90.9368
-150  140  84.3385 89.1220
-150  150  84.2325 86.5562
-150  160  84.1490 84.2197
-150  170  83.0975 82.5195
-150  180  79.3841 79.4513
-150 -180  79.3841 79.4513
-140   60  83.4396 85.8118
-140   70  84.3933 88.0369
-140   80  85.1780 90.0310
-140   90  85.4343 91.9375
-140  100  84.9901 93.0664
-140  110  84.4382 92.3365
-140  120  84.0059 90.8908
-140  130  83.6749 88.5763
-140  140  83.6122 86.0956
-140  150  83.7942 83.8611
-140  160  83.3116 82.5392
-140  170  80.8963 80.7261
-130   70  84.6714 90.7408
-130   80  84.7706 92.4455
-130   90  84.5705 93.6597
-130  100  83.8214 92.9727
-130  110  83.3732 90.7355
-130  120  83.0338 88.3854
-130  130  82.9702 86.0416
-130  140  83.1318 84.5170
-130  150  82.8285 84.4964
-130  160  82.2356 84.7773
-120   70  84.6673 92.2561
-120   80  83.9891 92.9603
-120   90  83.1718 92.5902
-120  100  82.6831 90.5474
-120  110  82.4391 88.2840
-120  120  82.4344 86.6604
-120  130  82.5690 86.4972
-120  140  82.9590 86.5100
-120  150  83.3427 87.5110
-110   70  83.2091 91.4146
-110   80  82.5673 90.8021
-110   90  82.1292 89.7601
-110  100  81.9258 88.1873
-110  110  81.9358 87.7611
-110  120  82.2909 87.7361
-110  130  82.6481 87.3508
-110  140  82.7471 86.0666
-100   60  81.7204 89.8081
-100   70  82.3481 87.3947
-100   80  81.9456 87.7375
-100   90  81.7551 88.4379
-100  100  81.8510 88.8101
-100  110  82.1167 88.5564
-100  120  82.5632 87.1462
-100  130  82.6105 83.8773
 -90   70  81.2627 87.1508
 -90   80  81.5885 89.4229
 -90   90  81.8278 90.4153
 -90  100  82.3473 89.7977
 -90  110  82.5828 87.3514
 -90  120  82.7340 83.1508
 -90  130  82.9801 80.2452
 -80   70  80.1652 91.2209
 -80   80  81.2699 91.8054
 -80   90  81.9347 90.6811
 -80  100  82.3235 88.4392
 -80  110  82.3747 85.2179
 -80  120  82.5498 82.2386
 -80  130  83.5422 80.9224
 -80  140  85.0727 80.3544
 -70   70  80.4495 91.0439
 -70   80  81.2863 89.7325
 -70   90  81.7715 88.6284
 -70  100  82.0793 87.2636
 -70  110  82.3216 85.6958
 -70  120  82.9808 84.6705
 -70  130  83.8973 84.1655
 -70  140  85.2760 84.5963
 -70  150  85.2583 85.2672
 -60   70  81.9664 85.6088
 -60   80  81.9737 86.9450
 -60   90  82.3786 88.3267
 -60  100  82.7785 88.1425
 -60  110  83.2546 87.4434
 -60  120  83.9309 87.2675
 -60  130  84.8862 88.1128
 -60  140  84.8527 89.5341
 -50   70  82.6393 84.5567
 -50   80  82.9554 87.4235
 -50   90  83.5742 88.4740
 -50  100  83.9675 88.5843
 -50  110  84.6089 89.4244
 -50  120  85.3700 90.8110
 -50  130  85.9560 91.6283
 -40   60  81.9191 81.8413
 -40   70  82.8225 84.5313
 -40   80  83.6730 86.2035
 -40   90  84.4737 87.9914
 -40  100  85.2861 90.3584
 -40  110  86.1751 91.2811
 -30   50  80.2189 78.5122
 -30   60  82.1102 81.4459
 -30   70  83.5870 84.4214
 -30   80  84.8016 87.7191
 -30   90  86.0560 90.2096
 -30  100  87.4670 91.8479
 -20   40  78.3426 75.3039
 -20   50  80.9838 78.9842
 -20   60  83.0675 83.3868
 -20   70  84.5612 86.9745
 -20   80  86.2243 89.6148
 -20   90  88.2358 91.7619
 -10   30  76.4360 73.2746
 -10   40  79.7728 77.6475
 -10   50  82.1241 82.3926
 -10   60  83.8898 86.1588
 -10   70  85.8799 89.1581
 -10   80  88.1537 91.3492
 -10   90  89.9681 92.4097
 -10  100  90.8374 92.1717
 -10  110  90.5060 91.0065
 -10  120  89.0250 89.1519
 -10  130  87.8255 87.3397
 -10  140  85.6005 85.5362
