   0   50   60  80.2664 107.8139
   0   60   60  82.6354 113.0538
   0   70   60  84.0642 117.6680
   0   70  180  72.3554 124.6730
   0   70  -60  84.9624 123.8854
   0   80   60  85.0033 122.3776
   0   80  180  79.9690 129.9391
   0   80  -60  85.1787 130.5500
   0   90   60  86.0309 126.6765
   0   90  180  83.9161 134.6689
   0   90  -60  85.8936 135.8242
   0  100   60  86.8704 113.8750
   0  100  180  86.6522 112.9830
   0  100  -60  86.0548 119.9947
   0  110   60  86.3468 110.7463
   0  110  180  86.5365 109.0741
   0  110  -60  85.5160 116.1241
   0  120   60  85.7947 108.5476
   0  120  180  86.3286 106.2968
   0  120  -60  85.1887 113.6708
   0  130   60  85.1218 107.4240
   0  130  180  85.9095 104.8591
   0  130  -60  84.7010 112.4139
   0  140   60  84.5163 106.6690
   0  140  180  85.5688 104.2220
   0  140  -60  84.1886 111.8369
   0  150   60  83.9728 106.5624
   0  150  180  85.1967 104.4782
   0  150  -60  83.7393 112.2790
   0  160   60  83.7817 107.4133
   0  160  180  84.8876 106.0267
   0  160  -60  83.7777 113.6445
   0  170   60  83.6775 109.1794
   0  170  180  84.7431 108.4473
   0  170  -60  83.8236 115.5724
   0  180   60  83.7648 111.9559
   0  180  180  84.6552 111.8281
   0  180  -60  83.9749 117.9680
   0 -180   60  83.7648 111.9559
   0 -180  180  84.6552 111.8281
   0 -180  -60  83.9749 117.9680
   0 -170   60  86.1863 134.5471
   0 -170  180  86.9497 126.2594
   0 -170  -60  86.2880 129.3576
   0 -160   60  86.6620 132.3615
   0 -160  180  87.1883 125.1684
   0 -160  -60  86.7928 127.9789
   0 -150   60  86.6549 129.5160
   0 -150  180  86.9441 123.1652
   0 -150  -60  87.0259 126.2140
   0 -140   60  86.6197 127.3357
   0 -140  180  86.7640 121.3006
   0 -140  -60  87.2902 124.1229
   0 -130   60  86.3250 125.3293
   0 -130  180  86.2231 119.7066
   0 -130  -60  87.1472 121.0091
   0 -120   60  86.2240 123.6710
   0 -120  180  85.7943 118.4216
   0 -110   60  85.4656 121.8647
   0 -110  180  85.3149 117.4875
   0 -100   60  84.5044 119.1384
   0 -100  180  84.6915 116.6276
   0  -90  180  84.2025 116.0376
  10   50   60  82.5554 113.1673
  10   60   60  84.2776 117.1228
  10   60  -60  85.1318 121.8463
  10   70   60  85.6213 119.7670
  10   70  180  76.9064 125.0226
  10   70  -60  85.4396 126.1100
  10   80   60  86.6649 118.2626
  10   80  180  82.8354 119.5625
  10   80  -60  85.6167 125.1345
  10   90   60  86.7070 115.2210
  10   90  180  84.8856 115.3104
  10   90  -60  85.3514 121.9969
  10  100   60  86.3640 113.3316
  10  100  180  85.8867 112.6011
  10  100  -60  85.0904 119.3590
  10  110   60  85.9511 112.3092
  10  110  180  85.8889 110.7174
  10  110  -60  84.9904 117.8777
  10  120   60  85.2941 111.7968
  10  120  180  85.5950 109.7552
  10  120  -60  84.5225 117.1572
  10  130   60  84.6626 111.4538
  10  130  180  85.2827 109.3180
  10  130  -60  83.9758 116.8308
  10  140   60  84.0873 111.4778
  10  140  180  84.9415 109.4101
  10  140  -60  83.5229 116.9617
  10  150   60  83.6756 112.0355
  10  150  180  84.5281 110.3460
  10  150  -60  83.2925 117.9413
  10  160   60  83.5417 113.8528
  10  160  180  84.4208 112.5318
  10  160  -60  83.3256 119.8933
  10  170   60  83.6815 116.7454
  10  170  180  84.3344 115.6297
  10  170  -60  83.6385 122.2868
  10  180   60  84.9157 124.7716
  10  180  180  85.5758 118.1522
  10  180  -60  84.8869 123.2836
  10 -180   60  84.9157 124.7716
  10 -180  180  85.5758 118.1522
  10 -180  -60  84.8869 123.2836
  10 -170   60  85.6365 125.2212
  10 -170  180  86.3021 118.9148
  10 -170  -60  85.7026 123.3262
  10 -160   60  86.1387 124.4433
  10 -160  180  86.4918 118.7148
  10 -160  -60  86.3036 123.2444
  10 -150   60  86.3911 124.1809
  10 -150  180  86.5846 118.6727
  10 -150  -60  86.6411 122.8295
  10 -140   60  86.4269 123.9322
  10 -140  180  86.3250 118.6600
  10 -140  -60  86.4593 121.6406
  10 -130   60  86.2640 123.8546
  10 -130  180  85.8562 118.7539
  10 -130  -60  86.1413 119.6726
  10 -120   60  85.8578 123.2314
  10 -120  180  85.3888 118.8527
  10 -110   60  84.9972 122.1431
  10 -110  180  84.6677 118.4660
  10 -100  180  83.8104 118.2390
  20   40   60  82.6177 113.0067
  20   50   60  84.0949 115.2959
  20   50  -60  83.6446 117.4852
  20   60   60  85.4211 116.2910
  20   60  -60  83.8087 121.6227
  20   70   60  86.2594 116.1657
  20   70  -60  84.3083 122.4406
  20   80   60  86.4592 115.5041
  20   80  180  83.4085 116.5806
  20   80  -60  84.5839 121.9941
  20   90   60  86.6042 115.1885
  20   90  180  85.3697 115.2349
  20   90  -60  84.6972 121.4076
  20  100   60  86.3022 115.3044
  20  100  180  85.5218 114.6242
  20  100  -60  84.6355 121.0780
  20  110   60  85.6795 115.4646
  20  110  180  85.0917 113.8756
  20  110  -60  84.2840 120.9127
  20  120   60  84.9142 115.6015
  20  120  180  84.7615 113.6146
  20  120  -60  83.6893 120.7870
  20  130   60  84.1553 115.6423
  20  130  180  84.3227 113.4734
  20  130  -60  83.0646 120.5802
  20  140   60  83.5295 115.7101
  20  140  180  83.8887 113.4083
  20  140  -60  82.6622 120.3721
  20  150   60  83.1279 116.1768
  20  150  180  83.6514 113.6786
  20  150  -60  82.4679 120.5326
  20  160   60  83.2825 117.7266
  20  160  180  83.7674 114.7583
  20  160  -60  82.8722 121.1698
  20  170   60  83.7612 119.3888
  20  170  180  84.2302 114.9987
  20  170  -60  83.5210 120.9068
  20  180   60  84.3846 120.0044
  20  180  180  84.8892 115.3858
  20  180  -60  84.2669 120.5887
  20 -180   60  84.3846 120.0044
  20 -180  180  84.8892 115.3858
  20 -180  -60  84.2669 120.5887
  20 -170   60  85.0695 120.3481
  20 -170  180  85.5783 115.7832
  20 -170  -60  85.0467 120.7330
  20 -160   60  85.6821 120.9850
  20 -160  180  85.9602 116.5177
  20 -160  -60  85.8087 121.0444
  20 -150   60  86.0101 121.6927
  20 -150  180  86.0289 117.3162
  20 -150  -60  85.2254 121.2696
  20 -140   60  86.1389 122.5391
  20 -140  180  85.8526 118.1354
  20 -140  -60  84.8055 122.2729
  20 -130   60  85.7549 123.0838
  20 -130  180  85.3183 119.0619
  20 -130  -60  84.7712 122.0712
  20 -120   60  85.1333 123.0579
  20 -120  180  84.7660 119.2318
  20 -110   60  83.9502 122.3190
  20 -110  180  83.5927 118.5635
  20 -100  180  82.2127 118.0669
  30   30   60  82.5585 113.5069
  30   40   60  84.0811 114.9181
  30   40  -60  82.1873 115.6353
  30   50   60  85.2138 115.4527
  30   50  -60  81.8987 119.8659
  30   60   60  85.9459 115.6691
  30   60  -60  82.8483 121.3015
  30   70   60  86.3360 115.7476
  30   70  -60  83.5721 121.9809
  30   80   60  86.5081 116.1470
  30   80  -60  83.8230 122.4032
  30   90   60  86.4248 116.7757
  30   90  180  85.4263 116.7027
  30   90  -60  83.8056 122.7189
  30  100   60  86.0286 117.4953
  30  100  180  84.9350 116.7274
  30  100  -60  83.6379 123.0228
  30  110   60  85.2698 118.0112
  30  110  180  84.2535 116.3060
  30  110  -60  83.1922 123.2062
  30  120   60  84.2701 117.9825
  30  120  180  83.7256 115.9094
  30  120  -60  82.5417 122.6759
  30  130   60  83.3286 117.6264
  30  130  180  83.1230 115.1304
  30  130  -60  81.9832 121.7731
  30  140   60  82.6783 117.1133
  30  140  180  82.6626 114.3725
  30  140  -60  81.7357 120.8753
  30  150   60  82.4489 116.7178
  30  150  180  82.5497 113.7337
  30  150  -60  81.7812 120.0218
  30  160   60  82.6252 116.7766
  30  160  180  82.7701 113.4211
  30  160  -60  82.1508 119.4953
  30  170   60  83.0946 116.9877
  30  170  180  83.2787 113.4213
  30  170  -60  82.7832 119.2130
  30  180   60  83.7148 117.4874
  30  180  180  83.9768 113.9896
  30  180  -60  83.4243 119.4261
  30 -180   60  83.7148 117.4874
  30 -180  180  83.9768 113.9896
  30 -180  -60  83.4243 119.4261
  30 -170   60  84.3772 118.2255
  30 -170  180  84.6998 114.7985
  30 -170  -60  84.2077 119.8619
  30 -160   60  85.0157 119.2979
  30 -160  180  85.1280 115.9518
  30 -160  -60  84.4498 120.7553
  30 -150   60  85.5371 120.5015
  30 -150  180  85.2979 117.1260
  30 -150  -60  84.6772 121.9151
  30 -140   60  85.2715 121.6174
  30 -140  180  85.0820 118.1898
  30 -140  -60  84.4339 122.6612
  30 -130   60  84.9928 121.9409
  30 -130  180  84.4113 118.8291
  30 -130  -60  84.6029 123.3357
  30 -120   60  84.1999 121.2225
  30 -120  180  83.6822 118.0436
  30 -110  180  82.2772 117.0307
  30 -100  180  82.0484 114.8993
  40   10   60  80.6646 112.2805
  40   20   60  82.7118 114.0322
  40   30   60  84.1032 115.1661
  40   40   60  85.0141 115.5201
  40   40  -60  80.4332 119.2012
  40   50   60  85.5406 115.7897
  40   50  -60  81.3372 121.0200
  40   60   60  86.0079 116.0411
  40   60  -60  82.4262 121.9718
  40   70   60  86.3565 116.5958
  40   70  -60  82.8538 122.7179
  40   80   60  86.3640 117.3615
  40   80  -60  82.8499 123.3575
  40   90   60  85.9641 118.2589
  40   90  180  85.1049 117.9032
  40   90  -60  82.7305 123.9424
  40  100   60  85.2187 118.9078
  40  100  180  84.1085 117.8243
  40  100  -60  82.4572 124.1977
  40  110   60  84.2064 118.9003
  40  110  180  83.2042 116.9524
  40  110  -60  81.9641 123.6096
  40  120   60  83.0701 118.2834
  40  120  180  82.4637 115.8184
  40  120  -60  81.3310 122.2945
  40  130   60  82.0626 117.2426
  40  130  180  81.8182 114.4519
  40  130  -60  80.8620 120.8420
  40  140   60  81.4247 116.1575
  40  140  180  81.3890 113.1557
  40  140  -60  80.6902 119.4195
  40  150   60  81.2736 115.4099
  40  150  180  81.2972 112.2634
  40  150  -60  80.7601 118.4176
  40  160   60  81.5385 115.1191
  40  160  180  81.5551 111.8991
  40  160  -60  81.0848 117.9709
  40  170   60  82.0585 115.2704
  40  170  180  82.1086 112.2315
  40  170  -60  81.7204 118.2039
  40  180   60  82.7149 115.9333
  40  180  180  82.8707 113.0865
  40  180  -60  82.5986 118.7618
  40 -180   60  82.7149 115.9333
  40 -180  180  82.8707 113.0865
  40 -180  -60  82.5986 118.7618
  40 -170   60  83.4279 117.0180
  40 -170  180  83.5944 114.3290
  40 -170  -60  83.3234 119.8700
  40 -160   60  84.1425 118.3343
  40 -160  180  84.1371 115.7735
  40 -160  -60  83.8443 121.2586
  40 -150   60  84.4317 119.7170
  40 -150  180  84.3752 116.9996
  40 -150  -60  84.1855 122.3575
  40 -140   60  84.4002 120.3862
  40 -140  180  83.9380 117.7331
  40 -140  -60  84.0896 123.0017
  40 -130   60  83.5335 119.9872
  40 -130  180  83.1736 117.6575
  40 -130  -60  83.3292 123.2811
  40 -120   60  82.8158 118.3010
  40 -120  180  82.4174 116.5195
  40 -110   60  81.7169 116.1724
  40 -110  180  81.7028 114.7188
  40 -100  180  81.0814 112.4319
  40  -90  180  80.3864 109.7783
  40  -80  180  79.9225 108.3299
  40  -70  180  79.2247 108.1842
  40  -20   60  76.8321 110.4442
  40  -10   60  77.2281 110.6013
  50    0   60  82.2727 113.6287
  50   10   60  83.4310 114.4574
  50   20   60  84.3655 115.2530
  50   30   60  84.9223 115.6662
  50   30  -60  80.4631 118.9082
  50   40   60  85.2045 115.8319
  50   40  -60  80.0895 120.4276
  50   50   60  85.6502 116.0371
  50   50  -60  81.1966 121.6794
  50   60   60  86.1230 116.5701
  50   60  -60  82.2282 122.5593
  50   70   60  86.3042 117.3005
  50   70  -60  82.4476 123.2746
  50   80   60  85.9567 117.9798
  50   80  -60  82.3255 123.8495
  50   90   60  85.1824 118.5049
  50   90  180  84.1859 117.7708
  50   90  -60  81.9768 124.0192
  50  100   60  84.1796 118.6727
  50  100  180  82.7710 117.2253
  50  100  -60  81.4491 123.5560
  50  110   60  82.9433 118.0048
  50  110  180  81.7928 115.7553
  50  110  -60  80.7482 122.2026
  50  120   60  81.6508 116.7380
  50  120  180  80.9299 114.0947
  50  120  -60  80.0377 120.4141
  50  130   60  80.5316 115.3902
  50  130  180  80.2252 112.4768
  50  130  -60  79.4931 118.7530
  50  140   60  79.8545 114.1684
  50  140  180  79.7701 111.1607
  50  140  -60  79.2739 117.4428
  50  150   60  79.7105 113.5756
  50  150  180  79.6800 110.4543
  50  150  -60  79.3627 116.6542
  50  160   60  80.0595 113.3989
  50  160  180  80.0424 110.4279
  50  160  -60  79.8251 116.5811
  50  170   60  80.6976 113.7983
  50  170  180  80.7252 111.0024
  50  170  -60  80.6589 117.0406
  50  180   60  81.4478 114.7612
  50  180  180  81.5837 112.2480
  50  180  -60  81.5187 118.1229
  50 -180   60  81.4478 114.7612
  50 -180  180  81.5837 112.2480
  50 -180  -60  81.5187 118.1229
  50 -170   60  82.2649 115.9207
  50 -170  180  82.3727 113.6574
  50 -170  -60  82.3434 119.4764
  50 -160   60  83.0116 117.2477
  50 -160  180  82.9347 115.0357
  50 -160  -60  82.9571 120.6859
  50 -150   60  83.3945 118.0638
  50 -150  180  83.0666 115.8901
  50 -150  -60  83.2966 121.3071
  50 -140   60  83.2359 118.1641
  50 -140  180  82.6635 116.0804
  50 -140  -60  83.4680 120.8346
  50 -130   60  82.6181 117.1233
  50 -130  180  81.8388 115.3698
  50 -130  -60  82.0053 120.7577
  50 -120   60  81.7907 115.1471
  50 -120  180  80.9549 113.7883
  50 -120  -60  81.8610 116.7164
  50 -110   60  80.9830 113.0359
  50 -110  180  80.1634 111.8014
  50 -100   60  80.4543 112.3011
  50 -100  180  79.3915 109.9267
  50  -90  180  78.6234 108.4700
  50  -80  180  78.3274 107.9161
  50  -70  180  78.4115 106.8600
  50  -30   60  78.3996 111.7087
  50  -20   60  79.4559 112.4852
  50  -10   60  80.5705 113.1234
  60    0   60  84.8347 114.8337
  60   10   60  85.1028 115.0329
  60   20   60  84.9659 115.4249
  60   20  -60  81.9957 118.8982
  60   30   60  85.1170 115.7400
  60   30  -60  80.0529 119.8479
  60   40   60  85.2706 115.9686
  60   40  -60  80.3930 120.8914
  60   50   60  85.8123 116.2548
  60   50  -60  81.8595 121.9666
  60   60   60  86.2469 116.7504
  60   60  -60  82.6923 122.7683
  60   70   60  85.9746 117.1667
  60   70  -60  82.5965 123.2911
  60   80   60  85.2272 117.5114
  60   80  -60  82.0780 123.4436
  60   90   60  84.1752 117.4848
  60   90  180  82.9278 116.4356
  60   90  -60  81.2798 122.8546
  60  100   60  82.8610 116.9556
  60  100  180  81.8505 115.0180
  60  100  -60  80.3386 121.6267
  60  110   60  81.3715 115.8773
  60  110  180  80.2891 113.4572
  60  110  -60  79.3445 119.9293
  60  120   60  79.8832 114.3255
  60  120  180  79.0427 111.5744
  60  120  -60  78.4497 118.0238
  60  130   60  78.6553 112.9294
  60  130  180  78.1382 110.0519
  60  130  -60  77.7509 116.4649
  60  140   60  77.9307 111.8989
  60  140  180  77.6563 108.9387
  60  140  -60  77.4995 115.2251
  60  150   60  77.8329 111.5251
  60  150  180  77.7066 108.5005
  60  150  -60  77.6868 114.7559
  60  160   60  78.3506 111.6514
  60  160  180  78.2521 108.7228
  60  160  -60  78.3693 115.0335
  60  170   60  79.1836 112.3857
  60  170  180  79.1714 109.6732
  60  170  -60  79.2847 115.7594
  60  180   60  80.0953 113.3771
  60  180  180  80.1940 111.0324
  60  180  -60  80.3432 117.0744
  60 -180   60  80.0953 113.3771
  60 -180  180  80.1940 111.0324
  60 -180  -60  80.3432 117.0744
  60 -170   60  81.1154 114.6233
  60 -170  180  81.0443 112.5453
  60 -170  -60  81.2401 118.3058
  60 -160   60  81.7970 115.5162
  60 -160  180  81.6361 113.6242
  60 -160  -60  81.8329 119.1549
  60 -150   60  82.0198 115.8769
  60 -150  180  81.6964 114.0353
  60 -150  -60  82.0188 119.3462
  60 -140   60  81.6761 115.4013
  60 -140  180  81.1097 113.6587
  60 -140  -60  82.0398 118.4143
  60 -130   60  80.8964 114.0973
  60 -130  180  80.1261 112.3820
  60 -130  -60  81.2625 116.6608
  60 -120   60  79.9125 112.1282
  60 -120  180  78.9422 110.6050
  60 -120  -60  79.3628 112.8928
  60 -110   60  79.2401 110.4141
  60 -110  180  77.8251 108.8832
  60 -100   60  79.1910 109.1899
  60 -100  180  76.9508 107.3862
  60  -90   60  80.6764 108.1846
  60  -90  180  76.3803 106.5815
  60  -80   60  83.2572 106.7063
  60  -80  180  76.8107 106.1394
  60  -70  180  78.6180 105.8104
  60  -50   60  80.9216 111.2640
  60  -40   60  79.1964 111.7916
  60  -30   60  80.5701 112.7053
  60  -20   60  82.3375 113.8892
  60  -10   60  83.8504 114.5544
  70    0   60  86.2102 114.9964
  70   10   60  85.5215 114.9695
  70   20   60  85.0585 115.2818
  70   20  -60  81.6493 119.4529
  70   30   60  84.8895 115.6444
  70   30  -60  80.5565 120.0349
  70   40   60  85.4626 115.9846
  70   40  -60  81.6468 120.9916
  70   50   60  86.1442 116.1584
  70   50  -60  83.1990 122.0232
  70   60   60  86.0899 116.3354
  70   60  -60  83.4517 122.6199
  70   70   60  85.3112 116.2779
  70   70  -60  82.7000 122.7417
  70   80   60  84.2361 116.1954
  70   80  180  82.5086 115.4837
  70   80  -60  81.5784 122.2012
  70   90   60  82.7792 115.6818
  70   90  180  81.3051 114.3863
  70   90  -60  80.2787 120.9428
  70  100   60  81.1033 114.6133
  70  100  180  80.3435 112.5907
  70  100  -60  78.9727 119.2731
  70  110   60  79.3222 113.1315
  70  110  180  78.3566 110.7529
  70  110  -60  77.7297 117.3208
  70  120   60  77.6212 111.6016
  70  120  180  76.8201 108.8792
  70  120  -60  76.5935 115.3996
  70  130   60  76.3028 110.2906
  70  130  180  75.8187 107.4210
  70  130  -60  75.7106 113.7739
  70  140   60  75.6124 109.5014
  70  140  180  75.4126 106.4944
  70  140  -60  75.5088 112.7910
  70  150   60  75.6939 109.3148
  70  150  180  75.6494 106.3144
  70  150  -60  75.8848 112.7231
  70  160   60  76.5112 109.7104
  70  160  180  76.4879 106.9325
  70  160  -60  76.7510 113.1377
  70  170   60  77.6503 110.6779
  70  170  180  77.6841 108.1260
  70  170  -60  77.9808 114.2493
  70  180   60  78.8345 111.9077
  70  180  180  78.8212 109.6307
  70  180  -60  79.1853 115.5630
  70 -180   60  78.8345 111.9077
  70 -180  180  78.8212 109.6307
  70 -180  -60  79.1853 115.5630
  70 -170   60  79.7815 112.8736
  70 -170  180  79.7581 110.8634
  70 -170  -60  80.1268 116.6144
  70 -160   60  80.4709 113.3904
  70 -160  180  80.3208 111.5672
  70 -160  -60  80.6161 117.0735
  70 -150   60  80.5189 113.3252
  70 -150  180  80.2366 111.6535
  70 -150  -60  80.5673 116.8859
  70 -140   60  79.9009 112.4184
  70 -140  180  79.3643 110.8285
  70 -140  -60  80.2953 115.6049
  70 -130   60  78.8654 110.8680
  70 -130  180  78.0058 109.3093
  70 -130  -60  79.1538 113.5925
  70 -120   60  77.7703 109.0675
  70 -120  180  76.4868 107.5656
  70 -120  -60  77.8075 110.8820
  70 -110   60  77.0135 107.4764
  70 -110  180  75.2911 105.8611
  70 -110  -60  77.2521 109.2845
  70 -100   60  77.0790 106.5341
  70 -100  180  74.8421 105.0054
  70  -90   60  77.6930 105.9141
  70  -90  180  74.4971 104.3316
  70  -80   60  79.2587 106.4288
  70  -80  180  75.3997 104.6761
  70  -70   60  80.3385 107.2996
  70  -70  180  75.8655 106.6911
  70  -60   60  79.3731 108.7708
  70  -50   60  79.0517 110.8283
  70  -40   60  80.4634 112.1397
  70  -30   60  82.9608 113.5090
  70  -20   60  85.0382 114.9101
  70  -10   60  86.2041 115.1084
  80    0   60  86.7637 114.5881
  80   10   60  85.2923 114.6322
  80   20   60  84.5407 114.9378
  80   20  -60  82.0172 119.3435
  80   30   60  85.0541 115.4352
  80   30  -60  81.9386 119.9747
  80   40   60  85.8644 115.7021
  80   40  -60  83.6153 121.0208
  80   50   60  86.0269 115.6826
  80   50  -60  84.5769 121.9664
  80   60   60  85.4158 115.3530
  80   60  -60  84.0942 122.1974
  80   70   60  84.3662 114.9474
  80   70  -60  82.7500 121.7164
  80   80   60  82.8140 114.3583
  80   80  180  80.1495 113.5363
  80   80  -60  81.0041 120.3592
  80   90   60  80.9585 113.4407
  80   90  180  79.0592 112.0096
  80   90  -60  79.1516 118.7087
  80  100   60  78.9330 111.9845
  80  100  180  78.2490 109.9884
  80  100  -60  77.4434 116.7383
  80  110   60  76.8954 110.3473
  80  110  180  76.1802 107.9541
  80  110  -60  75.8857 114.5600
  80  120   60  75.0845 108.8308
  80  120  180  74.5251 106.1147
  80  120  -60  74.4544 112.6299
  80  130   60  73.7788 107.5989
  80  130  180  73.4251 104.7467
  80  130  -60  73.5490 111.0751
  80  140   60  73.2417 107.1210
  80  140  180  73.1229 104.0742
  80  140  -60  73.5395 110.5169
  80  150   60  73.6405 107.2044
  80  150  180  73.6351 104.2615
  80  150  -60  74.1067 110.6055
  80  160   60  74.7861 107.9368
  80  160  180  74.8652 105.2664
  80  160  -60  75.3644 111.3768
  80  170   60  76.2793 109.1061
  80  170  180  76.3781 106.6114
  80  170  -60  76.8920 112.6852
  80  180   60  77.5506 110.2541
  80  180  180  77.6999 108.0306
  80  180  -60  78.1640 113.9363
  80 -180   60  77.5506 110.2541
  80 -180  180  77.6999 108.0306
  80 -180  -60  78.1640 113.9363
  80 -170   60  78.5688 110.8918
  80 -170  180  78.5600 109.0048
  80 -170  -60  79.0275 114.6806
  80 -160   60  79.1444 111.1430
  80 -160  180  78.9102 109.4133
  80 -160  -60  79.3421 114.8240
  80 -150   60  78.9155 110.6435
  80 -150  180  78.5634 109.0723
  80 -150  -60  78.9422 114.2670
  80 -140   60  77.9228 109.3666
  80 -140  180  77.3610 107.9458
  80 -140  -60  78.0024 112.9012
  80 -130   60  76.5450 107.6329
  80 -130  180  75.6203 106.2820
  80 -130  -60  76.6241 110.9539
  80 -120   60  75.2543 105.8482
  80 -120  180  73.9720 104.4143
  80 -120  -60  75.4161 108.9053
  80 -110   60  74.5084 104.7189
  80 -110  180  72.7294 103.2602
  80 -110  -60  75.1869 107.5538
  80 -100   60  74.5455 104.1413
  80 -100  180  72.2933 102.3320
  80 -100  -60  76.2737 106.8564
  80  -90   60  75.4875 104.5105
  80  -90  180  72.9131 102.7951
  80  -80   60  76.7981 105.8358
  80  -80  180  74.0673 103.5073
  80  -70   60  77.2947 107.6073
  80  -70  180  76.5721 105.0158
  80  -60   60  78.0528 108.8925
  80  -50   60  79.5171 111.1050
  80  -40   60  82.2868 112.7839
  80  -30   60  85.3374 114.2986
  80  -20   60  87.4625 115.4174
  80  -10   60  87.3560 114.9828
  90    0   60  86.0956 113.9798
  90   10   60  84.5892 114.1096
  90   20   60  84.5806 114.5569
  90   20  -60  83.1591 119.0069
  90   30   60  85.2617 115.0789
  90   30  -60  84.0894 119.7516
  90   40   60  85.6534 115.0428
  90   40  -60  85.6008 120.8810
  90   50   60  85.5433 114.6622
  90   50  -60  85.8065 121.6593
  90   60   60  84.7292 114.0382
  90   60  -60  84.7189 121.4880
  90   70   60  83.1703 113.3368
  90   70  -60  82.6610 120.1239
  90   80   60  81.1533 112.3215
  90   80  180  77.6491 111.5776
  90   80  -60  80.1783 118.1333
  90   90   60  78.9108 111.0046
  90   90  180  78.5362 109.3296
  90   90  -60  77.7581 116.1701
  90  100   60  76.6638 109.4554
  90  100  180  76.3992 107.2802
  90  100  -60  75.6293 113.9588
  90  110   60  74.4456 107.7475
  90  110  180  74.1269 105.2513
  90  110  -60  73.7946 111.8622
  90  120   60  72.5814 106.2182
  90  120  180  72.2353 103.5970
  90  120  -60  72.2422 109.9198
  90  130   60  71.4650 105.2598
  90  130  180  71.0479 102.4752
  90  130  -60  71.5287 108.7099
  90  140   60  71.3201 105.0838
  90  140  180  71.0405 102.0708
  90  140  -60  71.8127 108.4574
  90  150   60  72.1763 105.5704
  90  150  180  72.0679 102.6416
  90  150  -60  72.8252 108.8120
  90  160   60  73.6834 106.5591
  90  160  180  73.7612 103.8771
  90  160  -60  74.4571 109.9716
  90  170   60  75.2829 107.7744
  90  170  180  75.5512 105.3134
  90  170  -60  76.1770 111.3296
  90  180   60  76.7164 108.6877
  90  180  180  76.9081 106.5623
  90  180  -60  77.4144 112.3658
  90 -180   60  76.7164 108.6877
  90 -180  180  76.9081 106.5623
  90 -180  -60  77.4144 112.3658
  90 -170   60  77.6333 109.1392
  90 -170  180  77.5926 107.2505
  90 -170  -60  78.0497 112.8712
  90 -160   60  77.9025 108.9213
  90 -160  180  77.5157 107.2394
  90 -160  -60  78.0443 112.6715
  90 -150   60  77.2995 107.9452
  90 -150  180  76.6987 106.5106
  90 -150  -60  77.2836 111.8064
  90 -140   60  75.9212 106.4208
  90 -140  180  75.2192 105.0887
  90 -140  -60  75.8946 110.3296
  90 -130   60  74.2745 104.5942
  90 -130  180  73.1112 103.2965
  90 -130  -60  74.1544 108.4862
  90 -120   60  72.8569 103.1094
  90 -120  180  71.4674 101.6959
  90 -120  -60  72.8794 106.7427
  90 -110   60  72.1804 102.4564
  90 -110  180  70.3347 100.8166
  90 -110  -60  72.7722 105.7419
  90 -100   60  72.4996 102.6117
  90 -100  180  70.3461 100.6597
  90 -100  -60  74.1253 105.5317
  90  -90   60  73.6199 103.6183
  90  -90  180  71.3776 101.7259
  90  -90  -60  76.7220 105.5412
  90  -80   60  74.9403 105.3801
  90  -80  180  73.0204 102.8148
  90  -70   60  76.2421 106.7471
  90  -70  180  75.3473 104.2794
  90  -60   60  78.1193 109.1091
  90  -60  180  78.3732 106.4015
  90  -50   60  80.7290 111.5492
  90  -50  180  82.5399 108.6659
  90  -40   60  83.9915 113.5553
  90  -30   60  87.0820 114.9691
  90  -20   60  88.7136 115.2682
  90  -10   60  87.8578 114.3831
 100    0   60  85.1067 113.4906
 100   10   60  84.1193 113.7004
 100   10  -60  84.6629 118.4154
 100   20   60  84.3602 114.2448
 100   20  -60  84.9785 118.6932
 100   30   60  85.0274 114.5165
 100   30  -60  86.5355 119.3437
 100   40   60  85.4757 114.2164
 100   50   60  85.1075 113.5731
 100   50  -60  86.7915 121.2264
 100   60   60  83.7023 112.6557
 100   60  -60  84.8397 120.1403
 100   70   60  81.6753 111.6276
 100   70  180  74.7078 112.1469
 100   70  -60  81.9228 118.1117
 100   80   60  79.3719 110.3462
 100   80  180  75.8844 109.8680
 100   80  -60  78.8312 115.8987
 100   90   60  76.9801 108.8330
 100   90  180  75.5511 107.2585
 100   90  -60  76.1417 113.7220
 100  100   60  74.4896 107.1658
 100  100  180  74.4236 104.5347
 100  100  -60  73.8182 111.4285
 100  110   60  72.1025 105.4506
 100  110  180  71.6698 102.6968
 100  110  -60  71.8874 109.4208
 100  120   60  70.3390 104.0991
 100  120  180  69.9135 101.5451
 100  120  -60  70.4833 107.7572
 100  130   60  69.6063 103.5137
 100  130  180  69.2001 100.8105
 100  130  -60  69.9862 106.9532
 100  140   60  70.0050 103.7353
 100  140  180  69.7515 100.7962
 100  140  -60  70.7533 107.0230
 100  150   60  71.3234 104.6080
 100  150  180  71.3588 101.7209
 100  150  -60  72.2937 107.7909
 100  160   60  73.2104 105.8420
 100  160  180  73.3565 103.1251
 100  160  -60  74.2278 109.1729
 100  170   60  75.0689 106.9350
 100  170  180  75.2235 104.5121
 100  170  -60  75.9786 110.4790
 100  180   60  76.4004 107.5598
 100  180  180  76.4895 105.4869
 100  180  -60  77.0575 111.2315
 100 -180   60  76.4004 107.5598
 100 -180  180  76.4895 105.4869
 100 -180  -60  77.0575 111.2315
 100 -170   60  77.0392 107.6356
 100 -170  180  76.9006 105.7989
 100 -170  -60  77.3291 111.4127
 100 -160   60  76.9405 106.9431
 100 -160  180  76.2927 105.3754
 100 -160  -60  76.8938 110.8440
 100 -150   60  75.9331 105.6485
 100 -150  180  74.9377 104.2825
 100 -150  -60  75.7052 109.7032
 100 -140   60  74.1537 103.9614
 100 -140  180  73.0665 102.6344
 100 -140  -60  73.9451 108.1735
 100 -130   60  72.2297 102.2145
 100 -130  180  70.8246 100.8581
 100 -130  -60  72.1717 106.4234
 100 -120   60  70.8303 101.2195
 100 -120  180  69.2648 99.7082
 100 -120  -60  71.0543 105.0090
 100 -110   60  70.4074 101.1648
 100 -110  180  68.6139 99.0852
 100 -110  -60  71.2382 104.5739
 100 -100   60  71.0564 102.0030
 100 -100  180  69.2522 100.0240
 100 -100  -60  72.8507 104.9605
 100  -90   60  72.4413 103.4724
 100  -90  180  70.8101 101.3220
 100  -90  -60  75.2833 105.7010
 100  -80   60  74.1082 105.3184
 100  -80  180  72.9392 102.6428
 100  -80  -60  77.8274 107.2279
 100  -70   60  76.0683 107.3527
 100  -70  180  75.5251 104.3827
 100  -70  -60  81.1743 110.1380
 100  -60   60  78.5960 109.9349
 100  -60  180  78.4766 106.3808
 100  -60  -60  80.7470 112.8466
 100  -50   60  81.9986 112.4590
 100  -50  180  81.9780 108.3710
 100  -50  -60  80.1943 115.6004
 100  -40   60  85.7937 114.2366
 100  -40  180  87.4753 111.3700
 100  -30   60  88.5141 114.9630
 100  -10   60  87.2788 113.4339
 110    0   60  84.0130 113.1023
 110   10   60  83.4155 113.3761
 110   10  -60  85.4489 117.9579
 110   20   60  84.1149 113.8386
 110   20  -60  86.9423 118.0879
 110   30   60  84.9724 113.9456
 110   40   60  85.0742 113.4721
 110   50   60  84.0696 112.6140
 110   50  -60  86.8446 120.0691
 110   60   60  82.2273 111.4244
 110   60  -60  84.2408 118.1563
 110   70   60  80.0386 110.0585
 110   70  -60  80.6389 116.1067
 110   80   60  77.7366 108.5739
 110   80  -60  77.4023 113.8142
 110   90   60  75.1607 106.9642
 110   90  -60  74.7491 111.4851
 110  100   60  72.6154 105.3675
 110  100  -60  72.3837 109.4952
 110  110   60  70.4209 103.8991
 110  110  -60  70.5386 107.6442
 110  120   60  69.0467 102.9109
 110  120  180  68.8329 100.3513
 110  120  -60  69.4733 106.4228
 110  130   60  68.8994 102.7586
 110  130  180  68.8012 99.9913
 110  130  -60  69.3643 106.2343
 110  140   60  69.8858 103.4037
 110  140  180  69.6703 100.6521
 110  140  -60  70.6278 106.7062
 110  150   60  71.6678 104.5982
 110  150  180  71.7512 101.8682
 110  150  -60  72.6382 107.7563
 110  160   60  73.7255 105.8510
 110  160  180  73.8626 103.2501
 110  160  -60  74.7199 109.1986
 110  170   60  75.4234 106.7532
 110  170  180  75.5175 104.3285
 110  170  -60  76.3672 110.1776
 110  180   60  76.5368 107.0090
 110  180  180  76.4360 104.9220
 110  180  -60  77.1283 110.6805
 110 -180   60  76.5368 107.0090
 110 -180  180  76.4360 104.9220
 110 -180  -60  77.1283 110.6805
 110 -170   60  76.7577 106.5535
 110 -170  180  76.4438 104.7632
 110 -170  -60  76.9286 110.4479
 110 -160   60  76.1824 105.5522
 110 -160  180  75.3908 104.0818
 110 -160  -60  76.0190 109.6347
 110 -150   60  74.7095 103.9981
 110 -150  180  73.4217 102.5754
 110 -150  -60  74.3641 108.2900
 110 -140   60  72.5671 102.2870
 110 -140  180  71.3053 100.9990
 110 -140  -60  72.3077 106.6954
 110 -130   60  70.6353 100.9933
 110 -130  180  69.1461 99.5042
 110 -130  -60  70.6180 105.2341
 110 -120   60  69.6538 100.6645
 110 -120  180  67.9810 98.6930
 110 -120  -60  69.8783 104.4069
 110 -110   60  69.8038 101.2829
 110 -110  180  68.0612 99.0868
 110 -110  -60  70.5176 104.6143
 110 -100   60  70.9037 102.6524
 110 -100  180  69.2837 100.4209
 110 -100  -60  72.3957 105.5759
 110  -90   60  72.5575 104.3221
 110  -90  180  71.3400 101.7564
 110  -90  -60  74.8626 106.8909
 110  -80   60  74.5299 106.2605
 110  -80  180  73.7573 103.2409
 110  -80  -60  77.6393 108.8870
 110  -70   60  76.8247 108.4457
 110  -70  180  76.3533 105.1081
 110  -70  -60  79.9034 111.4915
 110  -60   60  79.9224 111.0722
 110  -60  180  79.1520 106.8877
 110  -60  -60  80.7127 114.2648
 110  -50   60  83.7938 113.3980
 110  -50  180  82.1273 108.5543
 110  -40   60  87.4322 114.6717
 110  -40  180  84.9675 110.2636
 110  -10   60  86.0957 112.7038
 120    0   60  82.7542 112.7524
 120    0  -60  84.0567 117.5842
 120   10   60  83.0214 113.2348
 120   10  -60  86.6773 117.3334
 120   20   60  83.9322 113.7093
 120   30   60  84.2870 113.6215
 120   40   60  83.8835 113.0707
 120   50   60  82.7140 111.9728
 120   60   60  80.9025 110.5950
 120   60  -60  82.8805 116.5786
 120   70   60  78.7082 109.0081
 120   70  -60  79.2250 114.3116
 120   80   60  76.2785 107.4306
 120   80  -60  76.0475 112.1434
 120   90   60  73.7509 105.9515
 120   90  -60  73.5658 110.0999
 120  100   60  71.4619 104.5898
 120  100  -60  71.3392 108.3257
 120  110   60  69.6843 103.4091
 120  110  -60  69.7307 107.0094
 120  120   60  68.8522 102.8991
 120  120  180  69.9450 100.5249
 120  120  -60  69.2599 106.4079
 120  130   60  69.3063 103.2324
 120  130  180  69.2685 100.5799
 120  130  -60  69.9014 106.7454
 120  140   60  70.6408 104.2026
 120  140  180  70.5552 101.7057
 120  140  -60  71.5657 107.4212
 120  150   60  72.7985 105.5331
 120  150  180  73.0116 102.9272
 120  150  -60  73.8231 108.7506
 120  160   60  74.8792 106.5758
 120  160  180  75.0975 104.1174
 120  160  -60  75.8368 109.9293
 120  170   60  76.3468 107.0666
 120  170  180  76.4290 104.8435
 120  170  -60  77.1851 110.6356
 120  180   60  77.0825 106.7874
 120  180  180  76.7930 104.8549
 120  180  -60  77.5207 110.6443
 120 -180   60  77.0825 106.7874
 120 -180  180  76.7930 104.8549
 120 -180  -60  77.5207 110.6443
 120 -170   60  76.7965 105.9734
 120 -170  180  76.1994 104.2980
 120 -170  -60  76.8315 110.0238
 120 -160   60  75.6679 104.6550
 120 -160  180  74.7192 103.1592
 120 -160  -60  75.4829 108.9210
 120 -150   60  73.8721 103.1219
 120 -150  180  72.3521 101.6532
 120 -150  -60  73.4812 107.5163
 120 -140   60  71.7060 101.7114
 120 -140  180  70.2517 100.3180
 120 -140  -60  71.3296 106.2048
 120 -130   60  70.0452 101.0243
 120 -130  180  68.5085 99.3883
 120 -130  -60  69.8884 105.1814
 120 -120   60  69.5906 101.3409
 120 -120  180  68.0420 99.1854
 120 -120  -60  69.6749 105.0269
 120 -110   60  70.2702 102.5970
 120 -110  180  68.7568 100.2337
 120 -110  -60  70.7879 105.8107
 120 -100   60  71.6381 104.1634
 120 -100  180  70.4690 101.5175
 120 -100  -60  72.8040 107.1845
 120  -90   60  73.4421 105.9637
 120  -90  180  72.8124 102.9582
 120  -90  -60  75.4543 108.8542
 120  -80   60  75.6576 107.8430
 120  -80  180  75.3734 104.6312
 120  -80  -60  78.2429 110.8716
 120  -70   60  78.3765 109.8518
 120  -70  180  77.9973 106.1880
 120  -70  -60  80.2250 113.2195
 120  -60   60  81.8757 112.3171
 120  -60  180  80.5584 107.6274
 120  -60  -60  81.0822 115.6091
 120  -50   60  85.6867 114.1983
 120  -50  180  82.9631 108.9148
 120  -40  180  84.8848 110.1248
 120  -30  180  84.9793 111.0547
 120  -20  180  80.1703 111.4709
 120  -10   60  84.3008 112.5665
 120  -10  180  71.6979 110.5910
 130    0   60  81.9937 112.8437
 130    0  -60  84.2377 117.0597
 130   10   60  82.7644 113.3949
 130   20   60  83.5514 113.5627
 130   30   60  82.8123 113.7780
 130   40   60  82.3154 113.2177
 130   50   60  81.6703 111.7880
 130   60   60  79.9522 110.0970
 130   60  -60  80.8076 115.4490
 130   70   60  77.6308 108.4567
 130   70  -60  77.6683 113.3985
 130   80   60  75.2856 106.9062
 130   80  -60  75.1791 111.3076
 130   90   60  73.0585 105.6635
 130   90  -60  73.0777 109.5862
 130  100   60  71.1269 104.5904
 130  100  -60  71.1554 108.1116
 130  110   60  69.8085 103.9420
 130  110  -60  69.7627 107.5508
 130  120   60  69.6287 103.9313
 130  120  180  70.5765 102.0424
 130  120  -60  69.9406 107.5447
 130  130   60  70.6604 104.7435
 130  130  180  70.6603 102.2174
 130  130  -60  71.4122 108.3502
 130  140   60  72.8126 105.8103
 130  140  180  72.4659 103.5702
 130  140  -60  73.4427 108.9430
 130  150   60  74.8772 106.8904
 130  150  180  74.8917 104.5579
 130  150  -60  75.5895 110.2292
 130  160   60  76.6708 107.6082
 130  160  180  76.7339 105.2954
 130  160  -60  77.3279 111.1165
 130  170   60  77.7893 107.5971
 130  170  180  77.5960 105.5317
 130  170  -60  78.2340 111.3909
 130  180   60  78.0020 107.0420
 130  180  180  77.4486 105.1774
 130  180  -60  78.1074 110.9833
 130 -180   60  78.0020 107.0420
 130 -180  180  77.4486 105.1774
 130 -180  -60  78.1074 110.9833
 130 -170   60  77.1439 105.8906
 130 -170  180  76.3629 104.2489
 130 -170  -60  76.9857 110.0438
 130 -160   60  75.5872 104.4848
 130 -160  180  74.4422 102.8867
 130 -160  -60  75.2976 108.8228
 130 -150   60  73.6523 103.0587
 130 -150  180  72.0685 101.6384
 130 -150  -60  73.2531 107.6211
 130 -140   60  71.7688 102.1216
 130 -140  180  70.0416 100.6272
 130 -140  -60  71.3297 106.6757
 130 -130   60  70.5840 102.1020
 130 -130  180  69.0193 100.1706
 130 -130  -60  70.3901 106.2470
 130 -120   60  70.5227 102.9632
 130 -120  180  69.2586 100.7562
 130 -120  -60  70.8179 106.6609
 130 -110   60  71.4390 104.4863
 130 -110  180  70.5614 101.9437
 130 -110  -60  72.3863 107.8190
 130 -100   60  73.1105 106.2261
 130 -100  180  72.6176 103.3467
 130 -100  -60  74.6025 109.5031
 130  -90   60  75.2615 107.9988
 130  -90  180  75.0304 104.7955
 130  -90  -60  77.1760 111.1533
 130  -80   60  77.6954 109.7158
 130  -80  180  77.5014 106.2920
 130  -80  -60  79.5372 112.9546
 130  -70   60  80.4809 111.5173
 130  -70  180  79.8781 107.3649
 130  -70  -60  80.9685 114.8999
 130  -60   60  83.8437 113.4986
 130  -60  180  82.1340 108.4433
 130  -50   60  87.0466 114.6370
 130  -50  180  84.1514 109.4611
 130  -40  180  85.5152 110.4873
 130  -30  180  84.8761 111.1939
 130  -20   60  85.0970 112.5318
 130  -20  180  80.5693 111.2042
 130  -10   60  82.5697 112.7514
 130  -10  180  72.9472 110.2419
 140    0   60  82.0430 112.8315
 140   10   60  82.8304 113.1944
 140   40   60  79.7207 114.5226
 140   50   60  80.8719 111.8176
 140   60   60  78.9769 109.8425
 140   60  -60  79.2797 114.9668
 140   70   60  77.0584 108.2269
 140   70  -60  77.1376 113.5069
 140   80   60  75.0146 107.0423
 140   90   60  73.2823 106.2734
 140  100   60  71.8400 105.6720
 140  100  -60  72.4973 108.4016
 140  110   60  71.1129 105.4059
 140  110  -60  71.3214 108.4932
 140  120   60  71.6163 105.8852
 140  120  180  72.1439 104.0026
 140  120  -60  71.5989 109.9062
 140  130   60  73.0771 106.7929
 140  130  180  72.8983 105.1853
 140  130  -60  73.5842 110.6679
 140  140   60  75.1632 107.8660
 140  140  180  75.2391 106.1346
 140  140  -60  75.8142 111.2530
 140  150   60  77.2594 108.7643
 140  150  180  77.3014 106.7599
 140  150  -60  77.6903 112.3553
 140  160   60  78.7489 109.1058
 140  160  180  78.6323 106.9823
 140  160  -60  79.0383 112.9192
 140  170   60  79.3655 108.7137
 140  170  180  78.9167 106.7838
 140  170  -60  79.3831 112.6293
 140  180   60  79.0424 107.7828
 140  180  180  78.2083 105.9777
 140  180  -60  78.7304 111.9265
 140 -180   60  79.0424 107.7828
 140 -180  180  78.2083 105.9777
 140 -180  -60  78.7304 111.9265
 140 -170   60  77.7288 106.4572
 140 -170  180  76.7227 104.7799
 140 -170  -60  77.3031 110.7734
 140 -160   60  75.9000 105.0448
 140 -160  180  74.6584 103.4446
 140 -160  -60  75.4812 109.5125
 140 -150   60  74.0579 103.9167
 140 -150  180  72.4212 102.3302
 140 -150  -60  73.6147 108.5572
 140 -140   60  72.5263 103.4793
 140 -140  180  70.8722 101.7778
 140 -140  -60  72.2127 108.0421
 140 -130   60  71.7725 103.9535
 140 -130  180  70.4808 102.0482
 140 -130  -60  71.8994 108.2132
 140 -120   60  72.1506 105.2237
 140 -120  180  71.3258 102.9316
 140 -120  -60  72.8068 109.0416
 140 -110   60  73.5638 106.8849
 140 -110  180  73.1194 104.2363
 140 -110  -60  74.6033 110.4990
 140 -100   60  75.5383 108.5840
 140 -100  180  75.4263 105.5556
 140 -100  -60  76.8036 112.0355
 140  -90   60  77.5985 110.1714
 140  -90  180  77.7817 106.9152
 140  -90  -60  79.0698 113.4895
 140  -80   60  79.7922 111.6486
 140  -80  180  79.9730 107.8982
 140  -80  -60  80.7668 114.9874
 140  -70   60  82.5294 113.0890
 140  -70  180  81.9959 108.6004
 140  -70  -60  81.7115 116.4150
 140  -60   60  85.6021 114.4596
 140  -60  180  83.8846 109.3385
 140  -50   60  87.7672 114.8773
 140  -50  180  85.2974 110.0778
 140  -40  180  85.7524 110.8222
 140  -30   60  85.9856 113.2355
 140  -30  180  84.5682 111.2387
 140  -20   60  82.7943 112.7236
 140  -20  180  81.7312 110.7667
 140  -10   60  81.1498 112.8989
 150   50   60  80.9352 111.8902
 150   60   60  79.4654 108.9405
 150   70   60  77.9136 107.4688
 150   80   60  76.5369 107.0854
 150   90   60  74.5293 106.9056
 150  100   60  73.5150 106.6730
 150  110   60  73.2139 106.9117
 150  110  -60  73.6651 110.5729
 150  120   60  74.0924 108.0289
 150  120  180  74.7226 106.6243
 150  120  -60  74.4434 111.7324
 150  130   60  75.9941 109.1311
 150  130  180  75.9212 108.0669
 150  130  -60  76.1146 113.4958
 150  140   60  77.7919 110.2186
 150  140  180  78.0224 108.8931
 150  140  -60  78.1902 114.1366
 150  150   60  79.5291 110.8699
 150  150  180  79.5975 109.1852
 150  150  -60  79.8502 114.9369
 150  160   60  80.5016 110.9601
 150  160  180  80.3095 109.0864
 150  160  -60  80.7066 115.0849
 150  170   60  80.6292 110.3425
 150  170  180  80.0414 108.4743
 150  170  -60  80.5052 114.5355
 150  180   60  79.9564 109.0877
 150  180  180  79.0260 107.3398
 150  180  -60  79.3800 113.5563
 150 -180   60  79.9564 109.0877
 150 -180  180  79.0260 107.3398
 150 -180  -60  79.3800 113.5563
 150 -170   60  78.3842 107.5514
 150 -170  180  77.2170 105.8028
 150 -170  -60  77.8245 112.0886
 150 -160   60  76.5285 106.1912
 150 -160  180  75.3184 104.4650
 150 -160  -60  76.0235 110.7652
 150 -150   60  74.9235 105.3964
 150 -150  180  73.6024 103.6557
 150 -150  -60  74.4877 110.0686
 150 -140   60  73.8255 105.4037
 150 -140  180  72.6133 103.5520
 150 -140  -60  73.7064 109.9801
 150 -130   60  73.6169 106.2233
 150 -130  180  72.7089 104.1978
 150 -130  -60  73.9232 110.5245
 150 -120   60  74.5012 107.4713
 150 -120  180  74.0209 105.1487
 150 -120  -60  75.0940 111.4824
 150 -110   60  76.0375 109.1646
 150 -110  180  76.0592 106.4761
 150 -110  -60  76.8573 113.0186
 150 -100   60  77.8111 110.8343
 150 -100  180  78.3277 107.8968
 150 -100  -60  78.9210 114.4376
 150  -90   60  79.6887 112.2486
 150  -90  180  80.4190 108.9286
 150  -90  -60  80.8118 115.5995
 150  -80   60  81.9292 113.5509
 150  -80  180  82.3388 109.6225
 150  -80  -60  81.9051 116.7364
 150  -70   60  84.4331 114.6477
 150  -70  180  84.0517 109.8831
 150  -60   60  86.6783 115.3237
 150  -60  180  85.2682 110.1470
 150  -50   60  87.6417 115.1445
 150  -50  180  85.7854 110.5046
 150  -40   60  86.5790 114.2780
 150  -40  180  85.4997 110.9093
 150  -30   60  83.5761 113.5205
 150  -30  180  84.4338 111.1016
 150  -20   60  80.7525 113.3463
 150  -20  180  82.7387 110.3631
 150  -10   60  80.7986 112.7994
 160   90   60  76.0715 108.1495
 160  100   60  75.3313 108.4473
 160  110   60  75.7928 108.7156
 160  110  -60  76.3560 113.0740
 160  120   60  77.0559 110.1520
 160  120  180  77.3970 109.5855
 160  120  -60  77.2805 114.5124
 160  130   60  78.4780 111.4397
 160  130  180  78.9550 110.3698
 160  130  -60  78.7604 116.5011
 160  140   60  80.2306 112.5466
 160  140  180  80.4512 111.7700
 160  140  -60  80.3405 117.2118
 160  150   60  81.4096 113.2861
 160  150  180  81.5046 112.1379
 160  150  -60  81.6724 118.0559
 160  160   60  81.9583 113.2754
 160  160  180  81.6787 111.8265
 160  160  -60  82.1367 117.9593
 160  170   60  81.7416 112.3856
 160  170  180  81.1878 110.7567
 160  170  -60  81.5139 117.2601
 160  180   60  80.8044 110.6468
 160  180  180  79.9725 108.9054
 160  180  -60  80.1324 115.5600
 160 -180   60  80.8044 110.6468
 160 -180  180  79.9725 108.9054
 160 -180  -60  80.1324 115.5600
 160 -170   60  79.1214 108.7616
 160 -170  180  78.0396 106.9133
 160 -170  -60  78.5045 113.5197
 160 -160   60  77.5088 107.5431
 160 -160  180  76.1941 105.4168
 160 -160  -60  76.9114 112.1324
 160 -150   60  76.3978 107.0326
 160 -150  180  75.2236 104.9778
 160 -150  -60  75.8594 111.5857
 160 -140   60  75.8237 107.3051
 160 -140  180  74.9057 105.1830
 160 -140  -60  75.6181 111.7226
 160 -130   60  75.9836 108.1233
 160 -130  180  75.4180 105.9494
 160 -130  -60  76.2444 112.4898
 160 -120   60  76.8992 109.5050
 160 -120  180  76.8982 107.2438
 160 -120  -60  77.5766 113.7770
 160 -110   60  78.2967 111.0839
 160 -110  180  78.8871 108.6317
 160 -110  -60  79.3251 115.1882
 160 -100   60  79.9711 112.8597
 160 -100  180  80.9265 110.0295
 160 -100  -60  81.1297 116.5807
 160  -90   60  81.9389 114.4497
 160  -90  180  82.8622 111.0052
 160  -90  -60  82.4110 117.6131
 160  -80   60  83.8360 115.5007
 160  -80  180  84.5199 111.1988
 160  -80  -60  82.7699 118.1219
 160  -70   60  85.6063 116.1138
 160  -70  180  85.5713 110.9980
 160  -60   60  86.8793 116.1152
 160  -60  180  85.9589 110.7663
 160  -50   60  86.6762 115.5013
 160  -50  180  85.7751 110.7558
 160  -40   60  84.3408 114.5291
 160  -40  180  85.3104 110.7099
 160  -30   60  80.8842 113.9628
 160  -30  180  84.3720 110.6075
 160  -20   60  79.4351 113.3073
 170   90   60  77.7947 109.0586
 170  100   60  77.4065 109.5757
 170  110   60  78.1392 110.8271
 170  110  -60  79.0519 115.7234
 170  120   60  79.2806 112.2578
 170  120  180  79.7560 112.4177
 170  120  -60  79.5527 118.0286
 170  130   60  80.7280 113.7608
 170  130  180  81.1227 113.9487
 170  130  -60  81.1078 119.7093
 170  140   60  82.0853 115.1974
 170  140  180  82.4911 115.0016
 170  140  -60  82.2362 120.9958
 170  150   60  83.0979 116.2062
 170  150  180  82.9967 115.6625
 170  150  -60  83.0971 121.9590
 170  160   60  83.3377 116.2126
 170  160  180  83.0972 115.3360
 170  160  -60  83.1975 122.1463
 170  170   60  82.7858 115.2963
 170  170  180  81.9702 114.1026
 170  170  -60  82.3376 121.2106
 170  180   60  81.6538 113.3716
 170  180  180  80.5533 111.6526
 170  180  -60  80.8647 118.8636
 170 -180   60  81.6538 113.3716
 170 -180  180  80.5533 111.6526
 170 -180  -60  80.8647 118.8636
 170 -170   60  79.8038 110.4795
 170 -170  180  78.8776 108.1368
 170 -170  -60  79.2584 115.3811
 170 -160   60  78.6662 109.0461
 170 -160  180  77.7197 106.4065
 170 -160  -60  78.1985 113.3149
 170 -150   60  78.0494 108.1634
 170 -150  180  77.2629 105.8421
 170 -150  -60  77.6377 112.5429
 170 -140   60  77.8695 108.5234
 170 -140  180  77.3709 106.3188
 170 -140  -60  77.7647 113.0303
 170 -130   60  78.1973 109.5424
 170 -130  180  78.0627 107.4385
 170 -130  -60  78.6089 114.1446
 170 -120   60  79.0649 111.0467
 170 -120  180  79.5096 109.0513
 170 -120  -60  79.9835 115.6678
 170 -110   60  80.4738 113.0533
 170 -110  180  81.3990 110.7717
 170 -110  -60  81.5492 117.3168
 170 -100   60  82.2218 115.2776
 170 -100  180  83.4191 112.4212
 170 -100  -60  82.9065 118.7805
 170  -90   60  83.5779 117.2844
 170  -90  180  85.0066 113.5756
 170  -90  -60  83.2875 119.8250
 170  -80   60  84.8522 118.1679
 170  -80  180  86.0917 112.8690
 170  -80  -60  83.1791 119.4856
 170  -70   60  85.9425 118.4108
 170  -70  180  86.3942 112.4809
 170  -60   60  86.2655 117.5593
 170  -60  180  86.1829 111.9554
 170  -50   60  84.7677 116.0843
 170  -50  180  85.7150 111.0397
 170  -40   60  81.5575 114.9992
 170  -40  180  84.8860 110.4773
 170  -30   60  78.7599 113.8537
 170  -30  180  85.5625 109.9456
 180   90   60  79.2178 109.4149
 180  100   60  79.5128 110.1930
 180  100  -60  81.6374 115.7918
 180  110   60  80.4449 112.3945
 180  110  -60  81.4771 118.7974
 180  120   60  81.5123 114.4497
 180  120  -60  81.8238 120.9079
 180  130   60  82.6513 116.5648
 180  130  180  82.9416 117.6820
 180  130  -60  82.7529 123.3793
 180  140   60  83.7344 118.5067
 180  140  180  83.8622 119.3296
 180  140  -60  83.8442 125.6723
 180  150   60  84.4887 119.9192
 180  150  180  84.2526 120.4509
 180  150  -60  84.1317 127.2513
 180  160   60  84.3100 119.8411
 180  160  180  83.6616 119.9315
 180  160  -60  83.8902 127.0283
 180  170   60  83.4310 118.3787
 180  170  180  82.5244 117.9561
 180  170  -60  82.8989 124.9316
 180  180   60  81.4606 112.9942
 180  180  180  81.3324 114.0247
 180  180  -60  81.3922 120.5428
 180 -180   60  81.4606 112.9942
 180 -180  180  81.3324 114.0247
 180 -180  -60  81.3922 120.5428
 180 -170   60  80.4733 110.7516
 180 -170  180  79.8255 107.6807
 180 -170  -60  80.1000 114.5739
 180 -160   60  79.8746 109.4123
 180 -160  180  79.4219 106.4846
 180 -160  -60  79.6646 113.3974
 180 -150   60  79.6297 108.7793
 180 -150  180  79.3295 106.3379
 180 -150  -60  79.5752 113.0837
 180 -140   60  79.6694 109.2774
 180 -140  180  79.6499 107.2189
 180 -140  -60  79.9714 114.0057
 180 -130   60  80.1321 110.6188
 180 -130  180  80.4480 108.8275
 180 -130  -60  80.8472 115.5414
 180 -120   60  81.0909 112.7403
 180 -120  180  81.9246 111.1269
 180 -120  -60  82.1183 117.5899
 180 -110   60  82.2858 115.5056
 180 -110  180  83.6443 113.6554
 180 -110  -60  83.1938 119.8831
 180 -100   60  83.5483 118.8489
 180 -100  180  85.4251 116.0010
 180 -100  -60  83.8851 121.7907
 180  -90   60  84.8473 121.8147
 180  -90  180  86.8623 115.6884
 180  -90  -60  84.1545 121.2620
 180  -80   60  85.3932 121.8943
 180  -80  180  87.0187 115.6903
 180  -80  -60  83.8179 120.8394
 180  -70   60  85.7126 120.4997
 180  -70  180  86.6699 114.5719
 180  -60   60  84.8157 118.3453
 180  -60  180  85.9823 112.8226
 180  -50   60  82.3378 116.2763
 180  -50  180  85.1402 111.0564
 180  -40   60  79.3709 114.5810
 180  -40  180  84.5577 109.5533
 180  -30  180  86.5317 109.3411
-180   90   60  79.2178 109.4149
-180  100   60  79.5128 110.1930
-180  100  -60  81.6374 115.7918
-180  110   60  80.4449 112.3945
-180  110  -60  81.4771 118.7974
-180  120   60  81.5123 114.4497
-180  120  -60  81.8238 120.9079
-180  130   60  82.6513 116.5648
-180  130  180  82.9416 117.6820
-180  130  -60  82.7529 123.3793
-180  140   60  83.7344 118.5067
-180  140  180  83.8622 119.3296
-180  140  -60  83.8442 125.6723
-180  150   60  84.4887 119.9192
-180  150  180  84.2526 120.4509
-180  150  -60  84.1317 127.2513
-180  160   60  84.3100 119.8411
-180  160  180  83.6616 119.9315
-180  160  -60  83.8902 127.0283
-180  170   60  83.4310 118.3787
-180  170  180  82.5244 117.9561
-180  170  -60  82.8989 124.9316
-180  180   60  81.4606 112.9942
-180  180  180  81.3324 114.0247
-180  180  -60  81.3922 120.5428
-180 -180   60  81.4606 112.9942
-180 -180  180  81.3324 114.0247
-180 -180  -60  81.3922 120.5428
-180 -170   60  80.4733 110.7516
-180 -170  180  79.8255 107.6807
-180 -170  -60  80.1000 114.5739
-180 -160   60  79.8746 109.4123
-180 -160  180  79.4219 106.4846
-180 -160  -60  79.6646 113.3974
-180 -150   60  79.6297 108.7793
-180 -150  180  79.3295 106.3379
-180 -150  -60  79.5752 113.0837
-180 -140   60  79.6694 109.2774
-180 -140  180  79.6499 107.2189
-180 -140  -60  79.9714 114.0057
-180 -130   60  80.1321 110.6188
-180 -130  180  80.4480 108.8275
-180 -130  -60  80.8472 115.5414
-180 -120   60  81.0909 112.7403
-180 -120  180  81.9246 111.1269
-180 -120  -60  82.1183 117.5899
-180 -110   60  82.2858 115.5056
-180 -110  180  83.6443 113.6554
-180 -110  -60  83.1938 119.8831
-180 -100   60  83.5483 118.8489
-180 -100  180  85.4251 116.0010
-180 -100  -60  83.8851 121.7907
-180  -90   60  84.8473 121.8147
-180  -90  180  86.8623 115.6884
-180  -90  -60  84.1545 121.2620
-180  -80   60  85.3932 121.8943
-180  -80  180  87.0187 115.6903
-180  -80  -60  83.8179 120.8394
-180  -70   60  85.7126 120.4997
-180  -70  180  86.6699 114.5719
-180  -60   60  84.8157 118.3453
-180  -60  180  85.9823 112.8226
-180  -50   60  82.3378 116.2763
-180  -50  180  85.1402 111.0564
-180  -40   60  79.3709 114.5810
-180  -40  180  84.5577 109.5533
-180  -30  180  86.5317 109.3411
-170   90   60  80.9689 109.4272
-170  100   60  81.8459 112.2231
-170  100  -60  82.8186 119.2081
-170  110   60  82.4589 114.9031
-170  110  -60  83.0615 121.5450
-170  120   60  83.1424 117.6848
-170  120  180  82.8478 118.0414
-170  120  -60  83.4164 124.6151
-170  130   60  84.0706 120.7073
-170  130  180  84.1960 122.9019
-170  130  -60  83.9735 128.4443
-170  140   60  85.0231 123.2259
-170  140  180  84.9682 125.3688
-170  140  -60  84.7660 131.6299
-170  150   60  85.2846 124.1946
-170  150  180  84.7242 125.7058
-170  150  -60  84.7282 132.5309
-170  160   60  84.4896 122.2764
-170  160  180  83.8140 123.2205
-170  160  -60  83.9937 129.9415
-170  170   60  82.3716 114.4415
-170  170  180  81.8247 111.3522
-170  170  -60  81.9654 117.7872
-170  180   60  81.7690 111.5799
-170  180  180  81.2214 108.2850
-170  180  -60  81.3548 114.9217
-170 -180   60  81.7690 111.5799
-170 -180  180  81.2214 108.2850
-170 -180  -60  81.3548 114.9217
-170 -170   60  81.2817 109.8677
-170 -170  180  80.8991 106.6995
-170 -170  -60  81.0356 113.6119
-170 -160   60  81.0142 109.0859
-170 -160  180  80.8545 106.3431
-170 -160  -60  81.0800 113.2859
-170 -150   60  81.0756 109.0901
-170 -150  180  81.0863 106.9809
-170 -150  -60  81.4327 113.8233
-170 -140   60  81.4179 110.2307
-170 -140  180  81.7128 108.6166
-170 -140  -60  82.0213 115.3643
-170 -130   60  81.8663 112.2610
-170 -130  180  82.5511 111.2076
-170 -130  -60  82.6714 117.6619
-170 -120   60  82.6708 115.3845
-170 -120  180  83.8751 114.5741
-170 -120  -60  83.6389 120.5907
-170 -110   60  83.6409 119.9333
-170 -110  180  85.6369 118.0471
-170 -110  -60  84.2726 123.4911
-170 -100   60  84.1553 123.7520
-170 -100  180  86.4399 120.9496
-170 -100  -60  84.4184 125.1961
-170  -90   60  85.2500 126.1760
-170  -90  180  87.3059 119.9066
-170  -90  -60  84.7045 123.8254
-170  -80   60  85.2325 123.3695
-170  -80  180  86.8456 117.5389
-170  -80  -60  83.8153 121.7513
-170  -70   60  84.7201 120.2834
-170  -70  180  86.2058 114.6871
-170  -60   60  83.1281 117.5396
-170  -60  180  85.3705 112.1023
-170  -50   60  80.4829 115.9894
-170  -50  180  84.6884 109.7995
-170  -40  180  85.0216 109.0394
-160   80   60  82.1392 108.0263
-160   90   60  82.9163 111.6821
-160  100   60  83.5300 115.1538
-160  110   60  84.1212 118.6342
-160  110  -60  85.1816 125.2301
-160  120   60  84.6914 122.2160
-160  120  180  85.4343 122.5233
-160  120  -60  84.7359 130.1651
-160  130   60  85.3831 125.6130
-160  130  180  84.9921 129.4757
-160  130  -60  85.1958 134.5482
-160  140   60  85.8321 127.5546
-160  140  180  85.3853 130.8305
-160  140  -60  85.2526 137.1669
-160  150   60  83.4131 119.5519
-160  150  180  83.0603 117.9721
-160  150  -60  83.1159 124.1149
-160  160   60  82.9644 114.9526
-160  160  180  82.5898 112.3514
-160  160  -60  82.5784 118.8622
-160  170   60  82.5939 111.7854
-160  170  180  82.1309 108.6398
-160  170  -60  82.4996 115.6030
-160  180   60  82.4360 109.7316
-160  180  180  82.0438 106.6719
-160  180  -60  82.4984 113.8935
-160 -180   60  82.4360 109.7316
-160 -180  180  82.0438 106.6719
-160 -180  -60  82.4984 113.8935
-160 -170   60  82.2532 108.7892
-160 -170  180  81.9816 106.0928
-160 -170  -60  82.4617 113.4118
-160 -160   60  82.3082 108.8501
-160 -160  180  82.3039 106.7120
-160 -160  -60  82.5527 113.9536
-160 -150   60  82.4623 109.7226
-160 -150  180  82.6998 108.4354
-160 -150  -60  82.8446 115.4467
-160 -140   60  82.7607 111.8021
-160 -140  180  83.4473 111.2679
-160 -140  -60  83.4902 117.8175
-160 -130   60  83.2886 115.0239
-160 -130  180  84.4678 114.9841
-160 -130  -60  84.1855 120.8744
-160 -120   60  83.9416 120.3205
-160 -120  180  85.6267 119.4808
-160 -120  -60  84.6794 124.8236
-160 -110   60  84.1101 125.4117
-160 -110  180  86.1128 123.1091
-160 -110  -60  84.2209 126.8095
-160 -100   60  85.1188 128.6953
-160 -100  180  87.0169 122.4247
-160 -100  -60  85.1492 125.6622
-160  -90   60  84.8353 125.0173
-160  -90  180  86.5951 119.1297
-160  -90  -60  84.2441 122.6904
-160  -80   60  84.4582 121.2215
-160  -80  180  86.0475 115.5840
-160  -80  -60  83.0972 120.6749
-160  -70   60  83.6179 117.9278
-160  -70  180  85.4208 112.4006
-160  -60   60  81.7489 116.3097
-160  -60  180  84.8000 109.5833
-160  -50  180  84.7936 109.1414
-150   90   60  83.8889 115.7533
-150  100   60  84.8049 120.1976
-150  110   60  85.5466 123.8166
-150  110  -60  89.0922 125.8383
-150  120   60  85.8677 127.0638
-150  120  -60  85.3649 136.2402
-150  130   60  84.1461 126.1956
-150  130  180  85.6330 127.5638
-150  130  -60  83.9429 132.4776
-150  140   60  83.2642 120.4283
-150  140  180  83.5080 120.9905
-150  140  -60  83.2722 126.6244
-150  150   60  83.0206 115.3998
-150  150  180  82.7329 114.0600
-150  150  -60  82.9974 120.3928
-150  160   60  82.8532 112.0388
-150  160  180  82.8204 109.8719
-150  160  -60  82.8188 116.8734
-150  170   60  83.1104 109.8830
-150  170  180  82.9015 107.4592
-150  170  -60  82.8526 114.9745
-150  180   60  83.1250 108.7825
-150  180  180  82.9192 106.6075
-150  180  -60  83.0554 114.2238
-150 -180   60  83.1250 108.7825
-150 -180  180  82.9192 106.6075
-150 -180  -60  83.0554 114.2238
-150 -170   60  83.0054 108.6535
-150 -170  180  83.1619 107.0304
-150 -170  -60  83.4216 114.7065
-150 -160   60  83.2297 109.5846
-150 -160  180  83.5679 108.6770
-150 -160  -60  83.7124 116.0591
-150 -150   60  83.4943 111.5123
-150 -150  180  84.2269 111.3175
-150 -150  -60  83.9416 118.2456
-150 -140   60  83.7391 114.6570
-150 -140  180  84.9029 114.9444
-150 -140  -60  84.2993 121.2670
-150 -130   60  84.2288 120.9048
-150 -130  180  85.7398 119.9782
-150 -130  -60  84.7681 125.1491
-150 -120   60  84.1184 125.3343
-150 -120  180  85.6905 123.2039
-150 -120  -60  84.3496 126.6571
-150 -110   60  84.8735 128.3327
-150 -110  180  86.3999 121.9579
-150 -110  -60  85.1338 125.0967
-150 -100   60  84.4478 124.6782
-150 -100  180  85.9940 118.6343
-150 -100  -60  84.4663 122.0954
-150  -90   60  84.1498 120.9490
-150  -90  180  85.6088 115.1829
-150  -90  -60  83.5897 120.2274
-150  -80   60  83.7981 117.5523
-150  -80  180  85.1622 111.9953
-150  -70   60  82.6564 116.0930
-150  -70  180  84.8001 109.3793
-150  -60  180  84.8607 109.1017
-140  100   60  85.5290 124.9077
-140  110   60  85.6001 127.6142
-140  110  -60  84.6744 135.1247
-140  120   60  83.7315 125.7244
-140  120  -60  83.3616 132.3475
-140  130   60  83.1942 122.1157
-140  130  180  85.0433 122.3240
-140  130  -60  83.0956 128.9425
-140  140   60  82.9723 116.1171
-140  140  180  82.9134 115.8982
-140  140  -60  82.9419 123.1017
-140  150   60  82.9857 112.8886
-140  150  180  82.9843 112.3890
-140  150  -60  83.0812 119.5285
-140  160   60  83.0677 110.7216
-140  160  180  83.3614 109.6557
-140  160  -60  83.1693 117.3446
-140  170   60  83.2786 109.4833
-140  170  180  83.2778 108.3684
-140  170  -60  83.3245 116.3014
-140  180   60  83.3134 109.2604
-140  180  180  83.6373 108.5306
-140  180  -60  83.6229 116.5043
-140 -180   60  83.3134 109.2604
-140 -180  180  83.6373 108.5306
-140 -180  -60  83.6229 116.5043
-140 -170   60  83.5424 110.3107
-140 -170  180  84.0914 109.7469
-140 -170  -60  84.0775 117.6250
-140 -160   60  83.9084 112.0313
-140 -160  180  84.6020 111.8746
-140 -160  -60  84.4229 119.5270
-140 -150   60  84.1763 114.6314
-140 -150  180  85.1721 114.6829
-140 -150  -60  84.5355 121.7197
-140 -140   60  84.3497 119.9238
-140 -140  180  85.6479 118.4541
-140 -140  -60  84.4893 124.1019
-140 -130   60  84.9517 127.1571
-140 -130  180  86.0869 120.0580
-140 -130  -60  85.0445 123.7228
-140 -120   60  84.5421 124.8329
-140 -120  180  85.6977 118.2941
-140 -120  -60  84.8091 121.6552
-140 -110   60  84.0455 122.1226
-140 -110  180  85.3807 115.9632
-140 -110  -60  84.3737 119.8562
-140 -100   60  83.7409 119.2899
-140 -100  180  85.0794 113.3855
-140 -100  -60  83.4857 118.6930
-140  -90   60  83.6147 116.7422
-140  -90  180  84.7968 110.9612
-140  -80   60  82.9898 115.8813
-140  -80  180  84.5193 109.1598
-140  -70  180  84.6317 109.8585
-130  100   60  84.6234 126.0941
-130  110   60  83.2455 124.7550
-130  110  -60  83.9288 135.9822
-130  120   60  83.0989 121.5426
-130  120  -60  83.4844 129.7381
-130  130   60  82.8271 116.7798
-130  130  180  83.0149 119.6429
-130  130  -60  83.4658 125.8257
-130  140   60  83.0310 113.9795
-130  140  180  83.0401 115.3508
-130  140  -60  83.3398 122.6614
-130  150   60  82.9839 112.1121
-130  150  180  83.2384 113.0035
-130  150  -60  83.3311 120.6737
-130  160   60  83.1586 111.3672
-130  160  180  83.2688 111.8433
-130  160  -60  83.4379 120.0656
-130  170   60  83.3348 111.3767
-130  170  180  83.5430 112.1982
-130  170  -60  83.6526 120.5549
-130  180   60  83.5449 112.5135
-130  180  180  83.9424 113.2520
-130  180  -60  84.0089 121.7779
-130 -180   60  83.5449 112.5135
-130 -180  180  83.9424 113.2520
-130 -180  -60  84.0089 121.7779
-130 -170   60  83.6763 114.2471
-130 -170  180  84.3221 113.6412
-130 -170  -60  84.3141 121.9567
-130 -160   60  83.9989 114.7057
-130 -160  180  84.7686 113.5550
-130 -160  -60  84.3903 121.0075
-130 -150   60  84.6233 120.9932
-130 -150  180  85.4422 114.6331
-130 -150  -60  84.5878 119.6178
-130 -140   60  84.4103 119.8898
-130 -140  180  85.2113 113.1145
-130 -140  -60  84.1415 117.7790
-130 -130   60  84.0099 118.4357
-130 -130  180  84.9455 112.0567
-130 -130  -60  84.0243 116.3087
-130 -120   60  83.6750 116.8928
-130 -120  180  84.6788 110.9839
-130 -120  -60  83.9342 115.5440
-130 -110   60  83.4364 115.6494
-130 -110  180  84.3953 109.7859
-130 -110  -60  82.8075 114.0992
-130 -100   60  82.9792 114.6627
-130 -100  180  84.1273 108.9025
-130  -90   60  82.6414 115.3100
-130  -90  180  83.9884 109.3706
-130  -80  180  83.5656 108.7795
-120   90   60  83.1667 122.7464
-120  100   60  83.1590 122.6110
-120  110   60  82.9553 121.5185
-120  110  -60  82.8747 130.4616
-120  120   60  82.6273 117.0280
-120  120  -60  83.0954 126.6551
-120  130   60  82.7229 115.0965
-120  130  180  82.0026 119.2061
-120  130  -60  83.3354 124.7370
-120  140   60  82.9033 114.0072
-120  140  180  83.0466 116.8200
-120  140  -60  83.3865 123.7541
-120  150   60  83.1029 113.7386
-120  150  180  83.1283 116.6376
-120  150  -60  83.4285 123.8383
-120  160   60  83.2091 114.4145
-120  160  180  83.1614 117.2799
-120  160  -60  83.6283 125.0019
-120  170   60  83.1148 115.4051
-120  170  180  83.4749 118.6614
-120  170  -60  83.6852 125.6612
-120  180   60  83.2344 113.9641
-120  180  180  83.5332 111.6409
-120  180  -60  83.7659 119.5735
-120 -180   60  83.2344 113.9641
-120 -180  180  83.5332 111.6409
-120 -180  -60  83.7659 119.5735
-120 -170   60  83.5212 113.0543
-120 -170  180  84.0143 110.4669
-120 -170  -60  84.4002 114.6988
-120 -160   60  83.9748 112.7140
-120 -160  180  84.5246 107.1096
-120 -160  -60  84.1917 112.5543
-120 -150   60  83.7926 111.4599
-120 -150  180  84.4734 105.5568
-120 -150  -60  83.7398 110.8779
-120 -140   60  83.3975 110.4628
-120 -140  180  84.2966 104.7727
-120 -140  -60  83.3372 109.7826
-120 -130   60  83.2089 110.1475
-120 -130  180  84.0370 104.7094
-120 -130  -60  82.9774 108.6468
-120 -120   60  83.0028 110.3901
-120 -120  180  83.7794 105.0549
-120 -120  -60  82.4238 110.0992
-120 -110   60  82.6539 111.5878
-120 -110  180  83.4400 106.0786
-120 -100   60  82.3901 114.9254
-120 -100  180  83.3389 108.7834
-120  -90  180  83.1771 111.6498
-110   90   60  82.3689 118.0546
-110  100   60  82.3829 117.5848
-110  100  -60  82.3521 123.9098
-110  110   60  82.2856 116.4360
-110  110  -60  82.1697 123.9794
-110  120   60  82.3783 115.9673
-110  120  -60  82.5082 124.6680
-110  130   60  82.3841 116.3283
-110  130  180  82.3060 121.0851
-110  130  -60  82.7893 126.0237
-110  140   60  82.6298 117.5734
-110  140  180  82.5380 122.6818
-110  140  -60  83.0979 128.1954
-110  150   60  83.0367 119.0450
-110  150  180  82.8861 124.6821
-110  150  -60  83.2694 130.3049
-110  160   60  82.5996 112.5249
-110  160  180  82.7344 110.8295
-110  160  -60  82.9657 116.6792
-110  170   60  83.0139 110.4856
-110  170  180  83.1815 107.8146
-110  170  -60  83.4075 113.7201
-110  180   60  83.5072 107.2008
-110  180  180  83.8201 102.6977
-110  180  -60  83.9555 108.8386
-110 -180   60  83.5072 107.2008
-110 -180  180  83.8201 102.6977
-110 -180  -60  83.9555 108.8386
-110 -170   60  83.3434 105.2831
-110 -170  180  84.0059 100.6113
-110 -170  -60  83.8604 106.6493
-110 -160   60  83.2858 104.1549
-110 -160  180  83.9063 99.3182
-110 -160  -60  83.4859 105.1945
-110 -150   60  82.9992 103.6871
-110 -150  180  83.7765 99.0888
-110 -150  -60  83.0653 104.5613
-110 -140   60  82.7358 104.0437
-110 -140  180  83.5079 99.6897
-110 -140  -60  82.5758 104.2449
-110 -130   60  82.3813 105.3666
-110 -130  180  83.1505 101.0734
-110 -130  -60  81.9145 106.2848
-110 -120   60  82.0247 108.1340
-110 -120  180  82.9399 103.6963
-110 -120  -60  81.2415 106.3295
-110 -110   60  81.9077 112.7977
-110 -110  180  82.7668 107.3854
-110 -100   60  83.0489 118.3457
-110 -100  180  83.1103 111.4528
-110  -90  180  81.1751 118.3793
-100   80   60  82.2968 113.9292
-100   90   60  82.1725 114.8730
-100  100   60  82.1573 115.5817
-100  110   60  81.9348 117.0556
-100  110  -60  80.9916 122.4306
-100  120   60  81.8388 119.4755
-100  120  -60  81.6781 126.4702
-100  130   60  81.8254 121.8338
-100  130  180  80.7396 127.7735
-100  130  -60  82.3600 131.2297
-100  140   60  81.4232 112.1361
-100  140  180  81.1420 111.6147
-100  140  -60  82.0791 116.4504
-100  150   60  82.2565 107.8178
-100  150  180  82.4906 107.1697
-100  150  -60  82.6879 111.5281
-100  160   60  82.7561 105.2374
-100  160  180  83.1868 103.3278
-100  160  -60  83.2874 108.7827
-100  170   60  83.2006 102.8887
-100  170  180  83.5543 99.7830
-100  170  -60  83.6390 105.9761
-100  180   60  83.4444 101.0604
-100  180  180  83.8363 97.4853
-100  180  -60  83.7531 104.0398
-100 -180   60  83.4444 101.0604
-100 -180  180  83.8363 97.4853
-100 -180  -60  83.7531 104.0398
-100 -170   60  83.3509 100.1225
-100 -170  180  83.7346 96.5162
-100 -170  -60  83.4022 102.8703
-100 -160   60  83.0565 99.9547
-100 -160  180  83.4743 96.6087
-100 -160  -60  82.8779 102.5667
-100 -150   60  82.5890 100.8379
-100 -150  180  83.1833 97.7768
-100 -150  -60  82.3653 102.8786
-100 -140   60  82.0892 102.9341
-100 -140  180  82.7413 100.0422
-100 -140  -60  81.9047 104.4803
-100 -130   60  81.5924 106.2800
-100 -130  180  82.3293 103.4809
-100 -130  -60  81.1609 107.9220
-100 -120   60  81.1449 111.9298
-100 -120  180  81.9843 108.4299
-100 -110   60  81.9767 118.7878
-100 -110  180  82.0385 113.5503
-100 -100  180  81.3836 117.0452
 -90  100   60  81.9088 119.6311
 -90  110   60  81.7685 122.8932
 -90  120   60  81.6767 126.0774
 -90  120  -60  80.7560 130.3652
 -90  130   60  81.3132 110.3835
 -90  130  180  80.4774 112.5088
 -90  130  -60  81.8222 118.9992
 -90  140   60  81.9520 105.5464
 -90  140  180  81.3723 104.5505
 -90  140  -60  82.7343 111.0832
 -90  150   60  82.5504 102.3522
 -90  150  180  82.6382 101.7372
 -90  150  -60  83.0834 107.3743
 -90  160   60  83.0100 100.1739
 -90  160  180  83.3932 99.0361
 -90  160  -60  83.3864 105.2453
 -90  170   60  83.2069 99.0692
 -90  170  180  83.7204 97.3256
 -90  170  -60  83.5905 104.1464
 -90  180   60  82.9458 98.6285
 -90  180  180  83.6992 96.6667
 -90  180  -60  83.4670 103.6259
 -90 -180   60  82.9458 98.6285
 -90 -180  180  83.6992 96.6667
 -90 -180  -60  83.4670 103.6259
 -90 -170   60  82.6678 98.9462
 -90 -170  180  83.4704 97.0765
 -90 -170  -60  82.9887 103.8120
 -90 -160   60  82.1181 100.3295
 -90 -160  180  83.0816 98.6886
 -90 -160  -60  82.4135 104.9447
 -90 -150   60  81.9138 103.0016
 -90 -150  180  82.5463 101.7876
 -90 -150  -60  81.7927 107.0426
 -90 -140   60  81.2469 106.8863
 -90 -140  180  81.9850 105.7473
 -90 -140  -60  81.3123 109.8373
 -90 -130   60  80.6172 112.5901
 -90 -130  180  81.2882 111.4093
 -90 -130  -60  80.1955 113.7578
 -90 -120   60  80.9716 125.5940
 -90 -120  180  81.5199 118.9846
 -90 -120  -60  78.8115 118.7369
 -90 -110   60  82.2190 121.7384
 -90 -110  180  81.7141 114.9368
 -90 -100  180  82.0929 111.3990
 -90  -90  180  82.5447 107.7258
 -80  100   60  82.1317 121.8463
 -80  110   60  81.9313 123.6999
 -80  120   60  82.6060 111.3089
 -80  120  -60  82.3299 121.1640
 -80  130   60  82.3101 105.5394
 -80  130  180  81.3029 108.9483
 -80  130  -60  84.1583 113.0901
 -80  140   60  82.5744 101.6868
 -80  140  180  81.9221 102.9204
 -80  140  -60  83.3087 108.9274
 -80  150   60  82.8016 100.0568
 -80  150  180  83.3073 100.3037
 -80  150  -60  83.3800 107.1224
 -80  160   60  83.0671 99.4562
 -80  160  180  83.5688 99.3906
 -80  160  -60  83.3496 106.4951
 -80  170   60  83.1413 99.5890
 -80  170  180  83.7026 99.2113
 -80  170  -60  83.3705 106.6277
 -80  180   60  82.9736 100.3500
 -80  180  180  83.5345 99.9768
 -80  180  -60  83.1000 107.5978
 -80 -180   60  82.9736 100.3500
 -80 -180  180  83.5345 99.9768
 -80 -180  -60  83.1000 107.5978
 -80 -170   60  82.5565 102.6108
 -80 -170  180  83.2865 102.5436
 -80 -170  -60  82.7168 109.9320
 -80 -160   60  81.9681 105.9335
 -80 -160  180  82.7896 106.0272
 -80 -160  -60  82.1741 112.4045
 -80 -150   60  81.2753 110.0397
 -80 -150  180  82.1634 109.8966
 -80 -150  -60  81.5777 114.7242
 -80 -140   60  80.7728 114.7086
 -80 -140  180  81.7105 113.9911
 -80 -140  -60  81.0973 117.6425
 -80 -130   60  81.1398 121.6082
 -80 -130  180  81.8552 113.9405
 -80 -130  -60  81.3560 115.8175
 -80 -120   60  81.5785 118.3990
 -80 -120  180  82.1078 111.6161
 -80 -120  -60  82.0515 113.6974
 -80 -110   60  82.6591 116.1962
 -80 -110  180  82.2356 109.2527
 -80 -100  180  82.7911 107.7738
 -80  -90  180  82.8016 106.9065
 -80  -80  180  82.5575 105.8388
 -70  100   60  81.7056 125.8308
 -70  110   60  83.1287 113.3410
 -70  110  -60  85.9715 121.3435
 -70  120   60  83.2440 107.8401
 -70  120  180  82.8667 115.4796
 -70  120  -60  84.9314 115.6719
 -70  130   60  82.8856 103.3162
 -70  130  180  82.7432 111.1806
 -70  130  -60  83.6477 112.4928
 -70  140   60  83.0808 101.4155
 -70  140  180  83.6207 105.0117
 -70  140  -60  83.6546 110.6305
 -70  150   60  83.2533 101.0424
 -70  150  180  83.7970 103.1419
 -70  150  -60  83.5974 110.1617
 -70  160   60  83.1828 101.5241
 -70  160  180  83.7924 103.0855
 -70  160  -60  83.4280 110.7636
 -70  170   60  82.9898 102.9182
 -70  170  180  83.7334 104.4197
 -70  170  -60  83.1345 112.6861
 -70  180   60  82.7969 105.9263
 -70  180  180  83.5960 107.4095
 -70  180  -60  83.0485 115.7428
 -70 -180   60  82.7969 105.9263
 -70 -180  180  83.5960 107.4095
 -70 -180  -60  83.0485 115.7428
 -70 -170   60  82.5583 110.2617
 -70 -170  180  83.2074 111.8082
 -70 -170  -60  82.6166 119.1871
 -70 -160   60  81.9736 115.0385
 -70 -160  180  82.7614 115.0429
 -70 -160  -60  82.2181 120.8561
 -70 -150   60  81.4037 116.6740
 -70 -150  180  82.1109 108.9765
 -70 -150  -60  81.6414 111.9807
 -70 -140   60  81.4384 114.5613
 -70 -140  180  82.2666 107.2144
 -70 -140  -60  81.9116 110.8237
 -70 -130   60  81.5682 113.2235
 -70 -130  180  82.4368 106.0571
 -70 -130  -60  82.4207 110.5066
 -70 -120   60  81.9072 112.7548
 -70 -120  180  82.8717 105.5731
 -70 -120  -60  83.2020 109.6428
 -70 -110   60  82.5633 113.2407
 -70 -110  180  83.3661 106.1592
 -70 -100   60  84.0916 114.4191
 -70 -100  180  83.5814 107.4954
 -70  -90  180  83.4807 108.6544
 -70  -80  180  82.7834 109.8142
 -60  100   60  83.2227 114.1859
 -60  110   60  83.3805 110.4157
 -60  110  -60  85.3240 119.7403
 -60  120   60  83.0590 106.5576
 -60  120  180  84.0247 115.9554
 -60  120  -60  84.2569 116.4971
 -60  130   60  83.1607 104.8278
 -60  130  180  84.1773 111.6577
 -60  130  -60  84.0643 115.1170
 -60  140   60  83.3541 104.4682
 -60  140  180  84.1457 109.3784
 -60  140  -60  83.8954 114.8165
 -60  150   60  83.5238 105.2867
 -60  150  180  84.1266 109.3260
 -60  150  -60  83.7902 116.0170
 -60  160   60  83.6830 106.7158
 -60  160  180  84.1269 110.3889
 -60  160  -60  83.7415 117.8863
 -60  170   60  83.5042 109.0090
 -60  170  180  84.1324 112.5641
 -60  170  -60  83.5543 120.7237
 -60  180   60  83.3004 113.3890
 -60  180  180  84.0299 116.9390
 -60  180  -60  83.3733 124.4274
 -60 -180   60  83.3004 113.3890
 -60 -180  180  84.0299 116.9390
 -60 -180  -60  83.3733 124.4274
 -60 -170   60  82.2065 115.0316
 -60 -170  180  83.0623 108.7265
 -60 -170  -60  82.3229 112.4957
 -60 -160   60  81.9954 110.1208
 -60 -160  180  82.7954 103.4473
 -60 -160  -60  82.0879 107.5412
 -60 -150   60  81.9216 107.8432
 -60 -150  180  82.9850 101.3197
 -60 -150  -60  82.2468 105.6931
 -60 -140   60  82.0158 106.7603
 -60 -140  180  83.0951 100.2105
 -60 -140  -60  82.7295 105.3767
 -60 -130   60  82.3117 107.1583
 -60 -130  180  83.3856 100.6748
 -60 -130  -60  83.0513 106.1751
 -60 -120   60  82.6140 109.1710
 -60 -120  180  83.6920 102.1934
 -60 -120  -60  84.3606 109.9203
 -60 -110   60  83.3728 112.4068
 -60 -110  180  83.9764 105.4244
 -60 -100   60  84.8184 116.5453
 -60 -100  180  84.2143 109.2937
 -60  -90  180  83.8373 112.3691
 -50   90   60  82.8632 111.7964
 -50  100   60  83.2569 110.2700
 -50  100  -60  85.9343 120.3870
 -50  110   60  83.2917 108.8230
 -50  110  180  84.7567 117.3244
 -50  110  -60  85.0596 119.1970
 -50  120   60  83.3885 108.4603
 -50  120  180  84.9448 116.6570
 -50  120  -60  84.6148 119.0142
 -50  130   60  83.6018 108.8047
 -50  130  180  84.7337 116.6852
 -50  130  -60  84.3897 119.6589
 -50  140   60  83.8039 110.3001
 -50  140  180  84.6432 117.3908
 -50  140  -60  84.1879 121.6220
 -50  150   60  84.0573 112.3457
 -50  150  180  84.6180 118.7679
 -50  150  -60  84.2290 124.2273
 -50  160   60  85.1398 121.0274
 -50  160  180  86.1248 119.9691
 -50  160  -60  85.2046 125.3473
 -50  170   60  83.6747 117.9328
 -50  170  180  84.5376 114.0846
 -50  170  -60  83.6354 118.1160
 -50  180   60  82.9789 112.4528
 -50  180  180  83.9872 107.4349
 -50  180  -60  83.0318 111.6781
 -50 -180   60  82.9789 112.4528
 -50 -180  180  83.9872 107.4349
 -50 -180  -60  83.0318 111.6781
 -50 -170   60  82.7144 107.5607
 -50 -170  180  83.7254 101.8673
 -50 -170  -60  82.6471 106.6693
 -50 -160   60  82.7109 103.6814
 -50 -160  180  83.5831 98.2232
 -50 -160  -60  82.6091 103.0565
 -50 -150   60  82.7015 102.3186
 -50 -150  180  83.5594 96.6847
 -50 -150  -60  82.7927 101.7376
 -50 -140   60  82.8669 102.3168
 -50 -140  180  83.8882 96.8354
 -50 -140  -60  83.2155 102.1442
 -50 -130   60  83.2437 103.9514
 -50 -130  180  84.2770 98.3357
 -50 -130  -60  83.9429 110.3726
 -50 -120   60  83.8277 107.8632
 -50 -120  180  84.4164 102.2524
 -50 -110   60  85.1666 113.5822
 -50 -110  180  84.9936 108.2689
 -50 -100  180  85.7272 113.6162
 -40   80   60  82.0789 108.7636
 -40   90   60  82.9964 109.2396
 -40   90  -60  87.2654 119.2657
 -40  100   60  83.5093 109.6261
 -40  100  180  85.1743 118.4915
 -40  100  -60  85.7055 119.8231
 -40  110   60  83.7901 111.0277
 -40  110  180  85.4933 120.3170
 -40  110  -60  85.1861 121.3582
 -40  120   60  84.0210 113.1369
 -40  120  180  85.4128 122.5121
 -40  120  -60  84.9250 123.8380
 -40  130   60  84.2738 115.9758
 -40  130  180  85.3240 125.2216
 -40  130  -60  84.9474 127.1546
 -40  140   60  85.0603 123.7745
 -40  140  180  86.1060 123.8735
 -40  140  -60  85.2572 125.5034
 -40  150   60  84.8293 118.4113
 -40  150  180  85.6823 116.5579
 -40  150  -60  84.9872 119.7209
 -40  160   60  84.1224 113.4890
 -40  160  180  85.1111 109.9653
 -40  160  -60  84.2454 114.2499
 -40  170   60  83.6004 108.9725
 -40  170  180  84.6481 104.4071
 -40  170  -60  83.6584 109.5296
 -40  180   60  83.3212 105.0228
 -40  180  180  84.5110 100.1537
 -40  180  -60  83.4453 105.5721
 -40 -180   60  83.3212 105.0228
 -40 -180  180  84.5110 100.1537
 -40 -180  -60  83.4453 105.5721
 -40 -170   60  83.2275 101.7786
 -40 -170  180  84.3876 97.1614
 -40 -170  -60  83.2788 102.3676
 -40 -160   60  83.2205 100.2614
 -40 -160  180  84.3930 95.9147
 -40 -160  -60  83.4621 101.3145
 -40 -150   60  83.3580 100.0548
 -40 -150  180  84.5674 95.9175
 -40 -150  -60  83.3175 100.8514
 -40 -140   60  83.4653 101.3828
 -40 -140  180  84.6811 97.3196
 -40 -140  -60  83.3370 101.9977
 -40 -130   60  83.6067 106.1907
 -40 -130  180  84.8025 102.0277
 -40 -130  -60  84.1320 105.2912
 -40 -120   60  84.9857 110.6731
 -40 -120  180  85.7973 108.2705
 -40 -110   60  88.6811 125.1555
 -40 -110  180  88.2185 119.0122
 -40 -100  180  86.7196 129.4180
 -30   70   60  80.7597 105.4305
 -30   80   60  82.1883 107.6371
 -30   80  -60  88.5414 115.7752
 -30   90   60  83.1006 109.7988
 -30   90  180  82.8443 118.0779
 -30   90  -60  85.9519 118.8252
 -30  100   60  83.8773 112.6105
 -30  100  180  85.2073 121.5986
 -30  100  -60  85.1960 122.1589
 -30  110   60  84.3144 116.4301
 -30  110  180  85.6614 126.1123
 -30  110  -60  85.4551 126.5248
 -30  120   60  84.8949 120.7751
 -30  120  180  85.9498 130.7161
 -30  120  -60  85.6993 131.2144
 -30  130   60  85.0916 119.9566
 -30  130  180  86.2831 120.3635
 -30  130  -60  85.2672 121.6610
 -30  140   60  84.8220 113.8860
 -30  140  180  86.0981 111.9948
 -30  140  -60  85.0505 115.4970
 -30  150   60  84.4619 109.0703
 -30  150  180  85.5827 105.6837
 -30  150  -60  84.5836 110.5784
 -30  160   60  84.0566 105.3876
 -30  160  180  85.3119 101.2067
 -30  160  -60  84.1818 107.0238
 -30  170   60  83.5940 102.2472
 -30  170  180  84.9175 98.1419
 -30  170  -60  83.8020 104.3605
 -30  180   60  83.5491 100.5117
 -30  180  180  84.7990 96.6934
 -30  180  -60  83.7050 102.7168
 -30 -180   60  83.5491 100.5117
 -30 -180  180  84.7990 96.6934
 -30 -180  -60  83.7050 102.7168
 -30 -170   60  83.4937 99.5803
 -30 -170  180  84.8289 96.3879
 -30 -170  -60  83.7758 102.0526
 -30 -160   60  83.6011 99.8461
 -30 -160  180  85.0164 97.1606
 -30 -160  -60  84.0421 102.3019
 -30 -150   60  83.8910 101.2769
 -30 -150  180  85.2381 98.9434
 -30 -150  -60  84.2107 103.4876
 -30 -140   60  84.0671 105.8609
 -30 -140  180  85.3624 103.9276
 -30 -140  -60  83.8739 106.7531
 -30 -130   60  84.5534 110.7673
 -30 -130  180  85.7843 109.5352
 -30 -130  -60  84.8901 111.2968
 -30 -120   60  86.2790 115.4271
 -30 -120  180  86.5981 117.1480
 -30 -110   60  84.3565 135.1654
 -30 -110  180  87.7273 129.4977
 -30 -100  180  87.3657 123.1265
 -30  -90  180  86.3493 117.2247
 -20   60   60  79.0468 102.8543
 -20   70   60  81.3677 108.0904
 -20   80   60  82.9682 113.0217
 -20   80  180  78.0853 117.1945
 -20   80  -60  85.6802 117.3355
 -20   90   60  84.1518 117.7134
 -20   90  180  83.7122 122.4218
 -20   90  -60  85.4099 122.8980
 -20  100   60  85.0516 122.2501
 -20  100  180  85.2252 128.1355
 -20  100  -60  85.6483 128.3352
 -20  110   60  86.2733 122.3765
 -20  110  180  87.5456 125.4160
 -20  110  -60  87.0188 127.6258
 -20  120   60  85.9013 116.5539
 -20  120  180  86.9563 116.4138
 -20  120  -60  85.8958 119.5419
 -20  130   60  85.4425 110.9337
 -20  130  180  86.4231 108.6285
 -20  130  -60  85.3805 113.3555
 -20  140   60  84.9821 106.5157
 -20  140  180  86.1107 103.2184
 -20  140  -60  84.9869 109.0457
 -20  150   60  84.5911 103.3245
 -20  150  180  85.6896 99.5650
 -20  150  -60  84.4746 106.3117
 -20  160   60  84.1114 101.5798
 -20  160  180  85.4564 97.9542
 -20  160  -60  84.1647 104.8548
 -20  170   60  83.7837 100.5504
 -20  170  180  85.1267 97.5294
 -20  170  -60  83.9756 104.2654
 -20  180   60  83.7293 100.3533
 -20  180  180  84.9608 98.0011
 -20  180  -60  83.8897 104.4965
 -20 -180   60  83.7293 100.3533
 -20 -180  180  84.9608 98.0011
 -20 -180  -60  83.8897 104.4965
 -20 -170   60  83.8526 101.2201
 -20 -170  180  84.9798 99.5825
 -20 -170  -60  83.9979 105.5974
 -20 -160   60  84.1565 103.0789
 -20 -160  180  85.3664 102.1374
 -20 -160  -60  84.3877 107.2383
 -20 -150   60  84.4223 106.7650
 -20 -150  180  85.6269 106.5189
 -20 -150  -60  84.6324 110.9787
 -20 -140   60  84.7420 112.5512
 -20 -140  180  85.9229 113.3729
 -20 -140  -60  85.1294 116.3108
 -20 -130   60  86.8775 138.7531
 -20 -130  180  87.3159 132.6556
 -20 -130  -60  86.5043 131.1394
 -20 -120   60  86.0313 132.4525
 -20 -120  180  87.0398 127.0008
 -20 -110   60  85.1609 126.9883
 -20 -110  180  87.0191 121.6631
 -20 -100  180  86.6150 117.4658
 -20  -90  180  85.7688 113.9189
 -20  -80  180  85.0888 110.5122
 -10   60   60  80.7726 107.6650
 -10   70   60  82.6228 112.8315
 -10   70  -60  85.9945 116.1784
 -10   80   60  83.9517 117.6236
 -10   80  180  78.5105 123.5047
 -10   80  -60  85.1816 123.6020
 -10   90   60  84.9557 122.4085
 -10   90  180  82.6888 129.3586
 -10   90  -60  85.5071 129.6784
 -10  100   60  85.7959 127.1610
 -10  100  180  85.5908 135.1981
 -10  100  -60  85.9029 135.5145
 -10  110   60  86.6990 114.6466
 -10  110  180  87.3323 113.7122
 -10  110  -60  86.4779 119.7822
 -10  120   60  86.1295 109.3176
 -10  120  180  86.6920 107.0461
 -10  120  -60  85.7242 113.1903
 -10  130   60  85.2761 105.8503
 -10  130  180  86.1925 102.9726
 -10  130  -60  84.9382 109.9723
 -10  140   60  84.8684 104.3361
 -10  140  180  86.0025 101.0360
 -10  140  -60  84.7379 108.3912
 -10  150   60  84.3540 103.0482
 -10  150  180  85.5953 100.0151
 -10  150  -60  84.2697 107.5151
 -10  160   60  83.9774 102.5402
 -10  160  180  85.2612 100.0647
 -10  160  -60  83.9542 107.5329
 -10  170   60  83.7795 103.1766
 -10  170  180  85.0474 101.4174
 -10  170  -60  83.9209 108.6511
 -10  180   60  83.8382 104.4717
 -10  180  180  84.9801 103.5725
 -10  180  -60  84.0250 110.2001
 -10 -180   60  83.8382 104.4717
 -10 -180  180  84.9801 103.5725
 -10 -180  -60  84.0250 110.2001
 -10 -170   60  84.1002 106.7996
 -10 -170  180  85.0349 106.5534
 -10 -170  -60  84.1218 112.3010
 -10 -160   60  84.5396 110.1137
 -10 -160  180  85.4312 110.6715
 -10 -160  -60  84.6368 115.0629
 -10 -150   60  87.2883 139.4952
 -10 -150  180  87.8300 132.2549
 -10 -150  -60  87.5002 132.5434
 -10 -140   60  86.9734 134.8588
 -10 -140  180  87.1586 128.5473
 -10 -140  -60  87.4830 128.7537
 -10 -130   60  86.6764 129.8929
 -10 -130  180  86.8489 123.9448
 -10 -130  -60  87.3427 124.1650
 -10 -120   60  86.1072 126.0473
 -10 -120  180  86.3399 120.6156
 -10 -110   60  85.5885 122.8979
 -10 -110  180  85.9299 117.8878
 -10 -100   60  84.3075 119.8173
 -10 -100  180  85.5578 115.8875
 -10  -90  180  85.0815 113.8175
