   0  180  83.2864 103.6835
   0 -180  83.2864 103.6835
   0 -170  83.1653 109.4259
   0 -160  84.0840 111.7772
   0 -150  84.4373 112.4253
   0 -140  83.9605 111.7540
   0 -130  83.3374 110.3606
   0 -120  82.8770 109.3001
   0 -110  82.5268 108.4552
   0 -100  82.0629 108.5045
   0  -90  81.3689 108.6960
   0  -80  80.4391 110.5714
  10  180  81.5430 105.7209
  10 -180  81.5430 105.7209
  10 -170  82.1320 108.9216
  10 -160  82.3033 109.7396
  10 -150  82.1673 110.0784
  10 -140  81.9743 109.7925
  10 -130  81.7982 109.6682
  10 -120  81.6049 110.3284
  10 -110  81.3908 110.4078
  10 -100  80.8284 110.7969
  10  -90  79.9483 111.2862
  20  170  80.2642 102.6342
  20  180  80.4473 106.4851
  20 -180  80.4473 106.4851
  20 -170  80.7538 108.3054
  20 -160  80.8594 108.9337
  20 -150  80.8548 109.5485
  20 -140  80.8132 110.5622
  20 -130  80.6546 111.3853
  20 -120  80.4744 111.5780
  20 -110  80.3585 111.3189
  20 -100  79.5438 110.6714
  20  -90  78.5357 109.3261
  30  160  79.9874 101.2620
  30  170  79.1572 105.3187
  30  180  79.3711 107.4317
  30 -180  79.3711 107.4317
  30 -170  79.5561 108.7365
  30 -160  79.6919 110.0553
  30 -150  79.7645 111.2107
  30 -140  79.7536 111.9876
  30 -130  79.5961 112.0426
  30 -120  79.6401 111.2947
  30 -110  79.3340 110.0947
  30 -100  78.2823 108.9209
  30  -90  78.4007 107.2333
  40  150  81.0425 102.6604
  40  160  78.5661 105.8498
  40  170  79.0692 107.7330
  40  180  79.9561 109.1814
  40 -180  79.9561 109.1814
  40 -170  78.6016 110.2929
  40 -160  78.8041 111.2528
  40 -150  78.9185 111.8703
  40 -140  78.8753 111.9475
  40 -130  78.6887 111.3411
  40 -120  78.5681 110.0244
  40 -110  78.4035 108.2289
  40 -100  78.4149 106.8025
  40  -90  78.4642 105.1113
  40  -80  78.0882 104.0168
  40  -70  77.5216 103.2594
  40  -60  77.0101 101.6207
  40  -50  76.9528 99.3002
  50    0  78.2720 104.1008
  50  140  84.0682 102.8497
  50  150  79.2865 105.8069
  50  160  78.3881 107.6594
  50  170  79.3610 109.2800
  50  180  80.0646 110.5500
  50 -180  80.0646 110.5500
  50 -170  79.9687 111.5317
  50 -160  78.3160 111.8525
  50 -150  78.3667 111.6191
  50 -140  78.2335 110.9932
  50 -130  77.9670 109.5794
  50 -120  77.6994 107.9776
  50 -110  77.6767 106.0594
  50 -100  77.5913 104.3107
  50  -90  77.4101 103.2251
  50  -80  77.0458 102.3182
  50  -70  76.9169 101.6511
  50  -60  77.1199 100.2557
  50  -50  77.5822 99.0300
  50  -40  78.3411 99.5865
  50  -30  79.3733 101.2782
  50  -20  80.3609 102.8958
  50  -10  80.0033 103.6083
  60    0  80.8169 105.4906
  60   10  83.5199 106.0362
  60   20  86.1151 104.7363
  60   30  87.0470 105.5527
  60   40  82.5659 105.9274
  60   50  84.1286 104.6986
  60   60  84.0952 105.2835
  60   70  84.9072 104.9497
  60   80  85.5733 103.9950
  60   90  83.3836 104.3599
  60  100  83.5675 104.7882
  60  110  84.5344 104.2687
  60  120  88.1082 104.1409
  60  130  86.6268 103.7065
  60  140  81.4771 105.3314
  60  150  78.5679 107.3859
  60  160  78.9595 108.8887
  60  170  80.1697 110.4258
  60  180  80.4791 111.6271
  60 -180  80.4791 111.6271
  60 -170  79.9286 112.0891
  60 -160  78.3250 111.9177
  60 -150  78.0841 111.0058
  60 -140  77.6818 109.3455
  60 -130  77.2350 107.4555
  60 -120  76.7622 105.3243
  60 -110  76.3980 103.4980
  60 -100  76.1383 101.9968
  60  -90  75.9753 101.0242
  60  -80  75.9928 100.3014
  60  -70  76.3720 99.7905
  60  -60  77.0922 99.0858
  60  -50  78.2457 99.5139
  60  -40  79.3870 100.8759
  60  -30  80.2738 102.4548
  60  -20  80.2063 103.8607
  60  -10  80.2911 104.2730
  70    0  83.3802 106.4105
  70   10  84.5704 107.1142
  70   20  83.7939 107.1498
  70   30  82.7346 106.1742
  70   40  84.8088 105.2623
  70   50  86.0455 105.8655
  70   60  87.2724 105.8781
  70   70  88.5342 105.4082
  70   80  85.8095 105.0089
  70   90  84.4354 105.0524
  70  100  83.9071 104.4062
  70  110  84.7323 104.0987
  70  120  86.6016 104.1369
  70  130  84.0034 104.8559
  70  140  79.8583 106.4708
  70  150  78.9003 108.0145
  70  160  80.2594 109.6301
  70  170  81.3845 111.3902
  70  180  81.1392 112.2263
  70 -180  81.1392 112.2263
  70 -170  80.0437 111.9648
  70 -160  78.5911 111.1336
  70 -150  77.8525 109.0549
  70 -140  77.0526 106.6948
  70 -130  76.2766 104.3803
  70 -120  75.5911 102.3945
  70 -110  74.9885 100.5364
  70 -100  74.6502 99.3380
  70  -90  74.6397 98.3467
  70  -80  75.0802 98.2143
  70  -70  76.0135 98.0029
  70  -60  77.1959 98.8936
  70  -50  78.6387 99.8464
  70  -40  79.8996 101.4336
  70  -30  80.4810 103.0548
  70  -20  80.9864 104.3810
  70  -10  82.4050 104.8927
  80    0  84.6232 106.6062
  80   10  84.7380 107.0146
  80   20  84.1947 106.4825
  80   30  84.7952 105.9462
  80   40  86.7011 105.9628
  80   50  88.6017 106.1904
  80   60  90.1826 106.1617
  80   70  88.8049 105.6056
  80   80  86.1268 105.4855
  80   90  85.6848 104.6863
  80  100  84.5965 104.3597
  80  110  85.5606 104.7925
  80  120  85.3618 104.9297
  80  130  81.9171 105.4857
  80  140  79.5404 106.9678
  80  150  80.2753 108.5189
  80  160  82.0827 110.4536
  80  170  82.7154 112.0618
  80  180  81.7826 112.2607
  80 -180  81.7826 112.2607
  80 -170  80.1097 111.1064
  80 -160  78.7696 109.3796
  80 -150  77.4602 106.5551
  80 -140  76.2529 104.1418
  80 -130  75.1185 101.4336
  80 -120  74.1524 99.6177
  80 -110  73.4376 97.7941
  80 -100  73.1685 96.5877
  80  -90  73.4754 96.1173
  80  -80  74.3678 96.4965
  80  -70  75.7205 97.2725
  80  -60  77.3096 98.7010
  80  -50  78.9181 100.1571
  80  -40  80.0372 102.0665
  80  -30  81.0607 103.5624
  80  -20  82.1789 104.6103
  80  -10  83.2081 106.1500
  90    0  84.9569 107.0658
  90   10  84.5736 106.8888
  90   20  84.6368 106.3155
  90   30  86.3958 105.8879
  90   40  89.1659 105.9698
  90   50  90.9659 106.4383
  90   60  90.8421 106.1680
  90   70  88.2466 105.7108
  90   80  86.7056 105.3037
  90   90  85.7984 104.4742
  90  100  84.9113 105.0805
  90  110  85.5383 105.5991
  90  120  84.2917 105.2184
  90  130  81.1688 105.5698
  90  140  80.3212 107.2716
  90  150  82.2840 109.1182
  90  160  83.9927 111.0628
  90  170  83.7813 112.2937
  90  180  82.1739 111.5683
  90 -180  82.1739 111.5683
  90 -170  79.9521 109.5602
  90 -160  78.6132 107.1019
  90 -150  76.7833 104.1353
  90 -140  75.1975 101.4505
  90 -130  73.7645 98.5505
  90 -120  72.6222 96.7008
  90 -110  71.9783 95.3157
  90 -100  71.9525 94.5982
  90  -90  72.6249 94.8214
  90  -80  73.9342 95.7573
  90  -70  75.6438 97.2443
  90  -60  77.5095 98.8957
  90  -50  79.2453 100.7204
  90  -40  80.5420 102.6282
  90  -30  81.9188 104.0260
  90  -20  83.4223 105.7796
  90  -10  84.3743 106.4150
 100    0  84.8808 107.3236
 100   10  84.4819 106.7661
 100   20  85.4131 105.7089
 100   30  87.9933 105.2488
 100   40  90.5567 105.5686
 100   50  91.0971 106.1578
 100   60  89.5746 106.0824
 100   70  87.3572 105.5447
 100   80  86.3473 104.9100
 100   90  85.3914 104.6553
 100  100  86.3608 105.8722
 100  110  85.9755 106.0191
 100  120  82.4173 105.5547
 100  130  80.2972 106.1943
 100  140  81.8621 107.6705
 100  150  84.3866 109.6110
 100  170  84.3413 112.0037
 100  180  82.1431 110.3593
 100 -180  82.1431 110.3593
 100 -170  80.5427 107.9878
 100 -160  78.0071 104.4755
 100 -150  75.8344 101.5432
 100 -140  73.9638 98.6880
 100 -130  72.4029 95.9457
 100 -120  71.2845 94.3814
 100 -110  70.8655 93.6277
 100 -100  71.1915 93.5238
 100  -90  72.2848 94.5196
 100  -80  73.9330 95.9103
 100  -70  75.8856 97.6807
 100  -60  77.8665 99.8293
 100  -50  79.6299 101.7394
 100  -40  81.2814 103.3188
 100  -30  82.5914 105.2971
 100  -20  84.2545 106.4434
 100  -10  85.0928 107.1888
 110    0  84.7211 107.3036
 110   10  84.7661 106.1458
 110   20  86.4311 105.3470
 110   30  88.9400 105.2464
 110   40  90.0770 105.8897
 110   50  89.5794 106.2273
 110   60  87.8288 106.0491
 110   70  86.4701 105.2985
 110   80  85.2645 104.8357
 110   90  85.5967 105.4479
 110  100  86.7290 106.4951
 110  110  84.2033 106.1712
 110  120  80.7061 105.8517
 110  130  80.8626 106.7400
 110  140  83.8608 108.3101
 110  170  84.1725 111.0847
 110  180  81.2288 108.5862
 110 -180  81.2288 108.5862
 110 -170  79.6355 105.5565
 110 -160  76.9201 102.0111
 110 -150  74.7019 98.9941
 110 -140  72.8080 96.3480
 110 -130  71.2983 94.4492
 110 -120  70.4627 93.3270
 110 -110  70.4229 93.0070
 110 -100  71.1182 93.6029
 110  -90  72.5899 95.0845
 110  -80  74.5405 96.9937
 110  -70  76.6049 98.9417
 110  -60  78.5854 101.0159
 110  -50  80.4058 102.8988
 110  -40  82.1778 104.7024
 110  -30  83.8856 106.2769
 110  -20  85.1413 107.3716
 110  -10  85.3452 107.7025
 120    0  84.6362 107.0080
 120   10  85.3698 105.9299
 120   20  87.3425 105.3622
 120   30  88.7143 105.4131
 120   40  88.5078 105.9544
 120   50  87.6369 105.9621
 120   60  86.0759 105.6412
 120   70  85.1717 104.7905
 120   80  84.8545 105.0639
 120   90  86.4367 106.3887
 120  100  86.2446 106.6627
 120  110  81.4833 106.2053
 120  120  79.6994 106.3752
 120  130  82.6858 107.4882
 120  160  84.2504 113.6356
 120  170  82.7624 109.7765
 120  180  81.1463 106.8875
 120 -180  81.1463 106.8875
 120 -170  78.1301 103.2104
 120 -160  75.6893 99.8899
 120 -150  73.7046 97.2032
 120 -140  72.0653 95.3422
 120 -130  70.8225 94.0354
 120 -120  70.3785 93.3593
 120 -110  70.7298 93.7226
 120 -100  71.8745 94.9945
 120  -90  73.6275 96.8553
 120  -80  75.6851 98.8246
 120  -70  77.7189 100.6175
 120  -60  79.6777 102.1598
 120  -50  81.5483 103.9678
 120  -40  83.3736 105.7809
 120  -30  84.8562 107.2676
 120  -20  85.4958 108.0916
 120  -10  85.1425 107.9131
 130    0  84.6966 106.8075
 130   10  85.9194 105.8410
 130   20  87.4301 105.5216
 130   30  87.6353 105.7265
 130   40  86.7482 106.2916
 130   50  85.6591 105.9456
 130   60  84.8762 105.4879
 130   70  84.3126 104.4349
 130   80  85.4014 105.4370
 130   90  86.7316 106.5616
 130  100  83.8228 106.4851
 130  110  79.8598 106.2997
 130  120  81.2289 107.1093
 130  130  84.9336 108.6500
 130  160  83.6488 110.5887
 130  170  80.6274 107.8221
 130  180  79.1734 104.6912
 130 -180  79.1734 104.6912
 130 -170  76.6498 101.3904
 130 -160  73.5047 99.1440
 130 -150  72.1197 97.1847
 130 -140  71.8672 95.5828
 130 -130  71.0732 94.8751
 130 -120  71.0470 95.0155
 130 -110  71.8800 95.8180
 130 -100  73.3170 97.2162
 130  -90  75.1472 99.0351
 130  -80  77.0790 100.6175
 130  -70  79.0142 102.1674
 130  -60  80.8799 103.6624
 130  -50  82.6252 105.2346
 130  -40  84.2089 106.9212
 130  -30  85.1905 108.0544
 130  -20  85.2347 108.4382
 130  -10  84.6794 107.8090
 140    0  84.7820 106.6784
 140   10  86.0616 105.9811
 140   20  86.6803 105.8723
 140   30  86.0095 106.1029
 140   40  84.9185 106.4725
 140   50  84.0639 105.6540
 140   60  84.0476 105.1523
 140   70  84.3472 104.8359
 140   80  85.9626 105.7683
 140   90  85.7782 106.3936
 140  100  81.1155 106.4749
 140  110  79.6552 106.9502
 140  120  83.0948 108.0030
 140  130  86.4895 109.4191
 140  160  80.9623 109.2551
 140  170  79.9166 106.3139
 140  180  75.7466 103.4823
 140 -180  75.7466 103.4823
 140 -170  74.1259 101.1060
 140 -160  72.8767 99.5082
 140 -150  71.9844 98.1177
 140 -140  71.5425 97.3575
 140 -130  71.9984 97.1079
 140 -120  72.4251 97.4883
 140 -110  73.5283 98.3980
 140 -100  75.0501 99.6752
 140  -90  76.7453 101.2156
 140  -80  78.4967 102.6092
 140  -70  80.2487 103.8163
 140  -60  81.8804 104.9719
 140  -50  83.3221 106.3788
 140  -40  84.4685 107.6684
 140  -30  84.8561 108.4570
 140  -20  84.5738 108.3944
 140  -10  84.2502 107.5346
 150    0  84.8018 106.8232
 150   10  85.5807 106.4304
 150   20  85.3135 106.4043
 150   30  84.0461 106.6090
 150   40  83.0697 106.7639
 150   50  83.1921 106.1824
 150   60  83.6203 104.8616
 150   70  84.5084 105.5111
 150   80  85.1594 106.3477
 150   90  83.2905 106.7074
 150  100  79.4501 107.0739
 150  110  80.5793 107.6654
 150  120  84.5570 108.2823
 150  160  77.8827 107.8119
 150  170  75.5559 105.3192
 150  180  74.0619 103.1285
 150 -180  74.0619 103.1285
 150 -150  72.2665 100.4583
 150 -140  72.4825 99.7763
 150 -130  73.3661 99.9781
 150 -120  74.1035 100.3423
 150 -110  75.3584 101.2697
 150 -100  76.7833 102.3519
 150  -90  78.2636 103.3648
 150  -80  79.7514 104.3178
 150  -70  81.2350 105.1482
 150  -60  82.5253 106.0466
 150  -50  83.5249 106.9451
 150  -40  84.0988 107.7313
 150  -30  84.1227 108.1991
 150  -20  83.8221 107.9957
 150  -10  83.9153 107.4613
 160    0  84.5062 107.1410
 160   10  84.5864 106.8626
 160   20  83.3595 106.8615
 160   30  81.8991 107.0837
 160   40  81.3822 107.0327
 160   50  82.5156 106.0366
 160   60  83.2099 105.2738
 160   90  80.1260 107.3431
 160  100  77.9331 107.7614
 160  110  81.1909 107.6952
 160  160  75.3706 106.4944
 160  170  74.0565 104.8302
 160 -140  74.3052 102.6784
 160 -130  74.9615 102.6591
 160 -120  75.8500 102.7220
 160 -110  77.0554 103.6236
 160 -100  78.3016 104.2283
 160  -90  79.5077 104.8240
 160  -80  80.7120 105.3077
 160  -70  81.8990 105.7980
 160  -60  82.7900 106.4137
 160  -50  83.3446 106.9640
 160  -40  83.5267 107.4659
 160  -30  83.3999 107.8846
 160  -20  83.2807 107.8537
 160  -10  83.7407 107.5110
 170    0  83.8049 107.6350
 170   40  80.2287 106.8424
 170 -140  75.6373 105.4128
 170 -130  76.6967 104.7166
 170 -120  77.6329 104.9406
 170 -110  78.6126 105.3222
 170 -100  79.5138 105.4196
 170  -90  80.4785 105.5963
 170  -80  81.4064 105.8503
 170  -70  82.2668 106.2257
 170  -60  82.8647 106.6042
 170  -50  83.0504 106.8663
 170  -40  82.9864 107.2656
 170  -30  82.8487 107.6503
 170  -20  82.9467 107.8271
 170  -10  83.3974 107.7054
 180 -140  76.5011 107.6469
 180 -130  78.4505 106.3680
 180 -120  79.1487 106.2018
 180 -110  79.7746 106.1267
 180 -100  80.4577 106.1176
 180  -90  81.2629 106.0893
 180  -80  81.9642 106.0135
 180  -70  82.5088 106.1353
 180  -60  82.7661 106.2832
 180  -50  82.7486 106.6062
 180  -40  82.6086 107.2539
 180  -30  82.4971 107.6743
 180  -20  82.6197 107.9832
-180 -140  76.5011 107.6469
-180 -130  78.4505 106.3680
-180 -120  79.1487 106.2018
-180 -110  79.7746 106.1267
-180 -100  80.4577 106.1176
-180  -90  81.2629 106.0893
-180  -80  81.9642 106.0135
-180  -70  82.5088 106.1353
-180  -60  82.7661 106.2832
-180  -50  82.7486 106.6062
-180  -40  82.6086 107.2539
-180  -30  82.4971 107.6743
-180  -20  82.6197 107.9832
-170 -150  76.5750 109.4227
-170 -140  78.3687 107.4360
-170 -130  79.7493 106.2975
-170 -120  80.2974 106.0974
-170 -110  80.6184 106.3424
-170 -100  81.2698 106.5608
-170  -90  81.9319 106.1362
-170  -80  82.4255 105.8242
-170  -70  82.6011 105.8165
-170  -60  82.6223 106.1106
-170  -50  82.5329 106.5455
-170  -40  82.3799 107.0935
-170  -30  82.2205 107.6119
-160 -130  81.5838 106.4708
-160 -120  81.7325 106.0779
-160 -110  81.6216 107.0913
-160 -100  81.9951 107.0734
-160  -90  82.5261 106.3552
-160  -80  82.7246 106.0919
-160  -70  82.6816 106.2066
-160  -60  82.5442 106.3496
-160  -50  82.2794 106.3984
-160  -40  82.2004 106.7258
-150 -130  80.7647 107.8465
-150 -120  82.1132 107.5206
-150 -110  82.3843 107.7575
-150 -100  82.7547 107.1116
-150  -90  82.9266 106.8815
-150  -80  82.8770 106.9461
-150  -70  82.8114 106.4573
-150  -60  82.6163 106.2734
-150  -50  82.3703 106.2619
-140 -130  81.1370 108.9584
-140 -120  82.8502 108.4414
-140 -110  82.9558 107.9051
-140 -100  83.1489 107.6946
-140  -90  83.0118 108.0131
-140  -80  82.8114 107.1378
-140  -70  82.6575 106.4226
-140  -60  82.4843 106.4492
-130 -130  82.4459 108.8734
-130 -120  83.1354 108.1888
-130 -110  83.3323 108.2215
-130 -100  83.1513 108.8742
-130  -90  82.9351 108.9963
-130  -80  82.7831 108.4713
-130  -70  82.5870 107.9391
-120 -140  82.1529 108.6158
-120 -130  83.3459 107.1837
-120 -120  83.4901 107.5072
-120 -110  83.3568 108.8205
-120 -100  83.1862 109.5314
-120  -90  83.0386 109.7727
-120  -80  82.8913 109.1631
-120  -70  82.6379 107.2299
-110 -140  82.1908 105.4197
-110 -130  83.0397 106.3872
-110 -120  83.6587 107.7227
-110 -110  83.5330 108.9083
-110 -100  83.3140 109.7540
-110  -90  83.0161 109.0895
-110  -80  82.7209 107.0568
-100 -130  83.5455 107.1686
-100 -120  84.3829 107.4614
-100 -110  83.6606 108.3400
-100 -100  82.7976 108.2317
-100  -90  82.4340 106.0329
-100  -80  82.2042 103.2108
 -90 -120  82.7348 106.5435
 -90 -110  82.6052 105.6301
 -90 -100  81.6973 104.4167
 -90  -90  82.0911 103.2587
 -90  -80  82.3625 101.5997
 -80 -120  83.2198 104.6096
 -80 -110  81.6377 104.3395
 -80 -100  82.3286 103.7751
 -80  -90  82.6162 103.2698
 -80  -80  82.6482 101.5856
 -80  -70  81.9576 100.0917
 -70 -130  83.4206 106.0671
 -70 -120  83.1937 105.9220
 -70 -110  82.9596 106.1416
 -70 -100  83.0501 105.9214
 -70  -90  83.0537 105.9499
 -70  -80  82.8775 105.8485
 -60 -140  84.5116 107.2766
 -60 -130  83.5289 106.6982
 -60 -120  83.6526 107.6882
 -60 -110  83.7543 109.1838
 -60 -100  83.8321 110.1337
 -60  -90  84.2673 110.5442
 -60  -80  84.3905 110.8460
 -50 -150  85.7416 107.3101
 -50 -140  84.4730 106.8447
 -50 -130  84.5840 108.6060
 -50 -120  84.5890 110.7996
 -50 -110  85.1268 112.3705
 -50 -100  86.1950 113.1085
 -50  -90  87.1648 113.7872
 -40 -150  85.3577 106.1527
 -40 -140  85.2665 108.6264
 -40 -130  85.6144 110.9361
 -40 -120  86.2714 112.8124
 -40 -110  88.1669 114.5095
 -40 -100  89.6995 115.7720
 -40  -90  91.1111 116.3631
 -30 -160  86.0004 105.7605
 -30 -150  85.3020 108.3668
 -30 -140  85.9907 110.6709
 -30 -130  87.2494 112.9595
 -30 -120  88.9143 115.0984
 -30 -110  90.4938 116.7282
 -30 -100  90.3456 116.7681
 -30  -90  89.2002 114.4849
 -20 -170  86.7713 103.7597
 -20 -160  84.9936 108.4267
 -20 -150  85.7379 110.9061
 -20 -140  87.1561 113.2563
 -20 -130  88.3639 115.0502
 -20 -120  88.6380 115.8199
 -20 -110  88.3247 115.2202
 -20 -100  86.7920 112.3471
 -20  -90  85.5982 108.6351
 -20  -80  84.5668 105.0716
 -20  -70  83.4242 101.5787
 -10 -170  84.0406 107.6535
 -10 -160  84.7956 110.9314
 -10 -150  85.9441 113.2703
 -10 -140  86.7125 114.2096
 -10 -130  86.4786 114.0434
 -10 -120  85.3707 112.3304
 -10 -110  84.3068 109.8530
 -10 -100  83.6358 107.6126
 -10  -90  82.9680 105.8906
 -10  -80  82.2637 105.5235
