  10  180  79.7487 70.5873
  10 -180  79.7487 70.5873
  10 -170  79.2804 71.6107
  20  170  80.2982 68.6472
  20  180  80.5363 72.1801
  20 -180  80.5363 72.1801
  20 -170  80.5869 74.7473
  20 -160  80.4096 76.0910
  20 -150  79.3054 74.3162
  30  170  80.9344 71.6614
  30  180  80.9565 74.1089
  30 -180  80.9565 74.1089
  30 -170  80.7858 76.1193
  30 -160  79.4836 74.7873
  40  170  81.5480 71.5892
  40  180  81.3162 77.0323
  40 -180  81.3162 77.0323
  40 -170  80.5498 75.9765
  80  180  84.0183 80.0376
  80 -180  84.0183 80.0376
  80 -170  83.1454 79.0980
  90  170  83.6141 78.3018
  90  180  82.5236 77.1566
  90 -180  82.5236 77.1566
  90 -170  81.5852 76.5071
 100  160  83.3806 76.9988
 100  170  81.8750 76.2484
 100  180  80.9769 76.3695
 100 -180  80.9769 76.3695
 100 -170  80.1624 76.0145
 110  140  84.4972 77.2626
 110  150  82.9243 75.4767
 110  160  81.2197 75.3736
 110  170  80.4462 75.9282
 110  180  80.1082 75.5015
 110 -180  80.1082 75.5015
 120  130  83.6868 75.3575
 120  140  82.2436 74.5959
 120  150  80.4154 74.4934
 120  160  79.7684 75.0607
 120  170  79.4846 75.3199
 120  180  78.9550 73.3651
 120 -180  78.9550 73.3651
 130  110  82.5083 72.0160
 130  120  82.5584 73.4452
 130  130  81.1746 73.4311
 130  140  79.8680 73.6967
 130  150  79.4276 74.2543
 130  160  79.5820 74.3524
 130  170  79.2535 72.6384
 130  180  77.8238 70.3830
 130 -180  77.8238 70.3830
 140   40  79.1887 70.0680
 140   50  80.3785 69.3927
 140   60  81.1445 68.1080
 140   70  81.1724 67.7414
 140   80  80.6349 67.9820
 140   90  79.7191 66.7523
 140  100  81.8315 70.0275
 140  110  81.4264 71.9043
 140  120  80.0920 72.3136
 140  130  79.2616 72.8410
 140  140  79.2018 73.3104
 140  150  80.0755 73.4587
 140  160  80.3147 72.0466
 140  170  79.0141 71.9638
 140  180  77.6544 71.2191
 140 -180  77.6544 71.2191
 140 -170  77.9888 71.2399
 150   30  77.8109 69.2539
 150   40  79.2178 70.7477
 150   50  80.5445 70.5134
 150   60  81.1014 70.8373
 150   70  81.2575 69.3960
 150   80  81.3502 69.7188
 150   90  82.9943 72.0665
 150  100  81.6142 72.3126
 150  110  79.9688 72.2084
 150  120  78.9691 72.4291
 150  130  79.1304 72.9656
 150  140  80.0790 73.3204
 150  150  81.5619 71.6584
 150  160  80.9105 72.1597
 150  170  80.3743 72.3149
 150  180  79.9540 72.3182
 150 -180  79.9540 72.3182
 150 -170  79.4667 72.0155
 150 -160  78.0354 70.0364
 150 -150  75.9824 66.9780
 160   20  78.2400 70.7028
 160   30  77.8455 72.1864
 160   40  80.2315 72.6095
 160   50  81.8691 72.6529
 160   60  81.3759 72.4351
 160   70  81.4723 72.0874
 160   80  83.1023 73.1251
 160   90  82.0433 73.2537
 160  100  80.6852 73.0749
 160  110  79.6064 72.9031
 160  120  79.5576 73.2619
 160  130  80.3621 73.4740
 160  140  81.8331 71.8878
 160  150  81.5746 72.7147
 160  160  81.4040 73.0946
 160  170  80.9549 72.9854
 160  180  80.6494 72.4527
 160 -180  80.6494 72.4527
 160 -170  79.7836 71.4316
 160 -160  78.5187 69.7352
 160 -150  77.6356 69.4812
 160 -140  76.8194 70.6620
 160 -130  78.0232 73.5219
 170   20  79.1474 72.8425
 170   30  80.9166 73.2172
 170   40  83.2463 73.3082
 170   50  84.1100 73.3800
 170   60  83.2532 73.5338
 170   70  82.6706 74.1874
 170   80  82.2576 74.0709
 170   90  81.7144 73.8469
 170  100  81.2485 73.5843
 170  110  80.9085 73.6064
 170  120  81.5951 72.7242
 170  130  82.1966 72.2971
 170  140  82.1413 72.8225
 170  150  81.9854 73.0452
 170  160  81.8100 73.1467
 170  170  81.7144 72.7215
 170  180  81.1678 72.2790
 170 -180  81.1678 72.2790
 170 -170  80.3032 71.5305
 170 -160  79.6651 71.3230
 170 -150  79.6593 71.6465
 170 -140  79.4885 73.0345
 170 -130  80.4663 73.7067
 170 -120  82.4486 72.8023
 170 -110  84.1808 71.3940
 170 -100  85.9862 72.5096
 170  -90  86.4992 70.0832
 180    0  85.6938 70.4413
 180   10  81.3995 72.9527
 180   20  80.5937 73.7196
 180   30  82.5362 74.2146
 180   40  84.2943 74.8266
 180   50  84.7589 75.3513
 180   60  84.3031 75.5679
 180   70  83.1594 75.4831
 180   80  82.3944 74.8221
 180   90  81.6943 74.4400
 180  100  81.4505 73.9866
 180  110  81.8355 73.5129
 180  120  82.4846 72.9070
 180  130  82.6583 73.1055
 180  140  82.4070 73.0345
 180  150  82.2116 73.2375
 180  160  82.4198 73.1254
 180  170  82.2589 72.9615
 180  180  81.7460 72.5577
 180 -180  81.7460 72.5577
 180 -170  81.2325 72.3275
 180 -160  81.1744 72.4135
 180 -150  80.9017 73.4265
 180 -140  81.3348 73.8384
 180 -130  82.6222 73.5490
 180 -120  84.0808 72.6870
 180 -110  85.7140 71.9250
 180 -100  86.6890 72.4281
 180  -90  86.5953 71.6605
 180  -80  86.1435 71.1529
 180  -70  87.3682 70.8024
 180  -60  88.4024 71.0384
 180  -50  87.2445 71.4876
 180  -40  88.0095 71.7064
-180    0  85.6938 70.4413
-180   10  81.3995 72.9527
-180   20  80.5937 73.7196
-180   30  82.5362 74.2146
-180   40  84.2943 74.8266
-180   50  84.7589 75.3513
-180   60  84.3031 75.5679
-180   70  83.1594 75.4831
-180   80  82.3944 74.8221
-180   90  81.6943 74.4400
-180  100  81.4505 73.9866
-180  110  81.8355 73.5129
-180  120  82.4846 72.9070
-180  130  82.6583 73.1055
-180  140  82.4070 73.0345
-180  150  82.2116 73.2375
-180  160  82.4198 73.1254
-180  170  82.2589 72.9615
-180  180  81.7460 72.5577
-180 -180  81.7460 72.5577
-180 -170  81.2325 72.3275
-180 -160  81.1744 72.4135
-180 -150  80.9017 73.4265
-180 -140  81.3348 73.8384
-180 -130  82.6222 73.5490
-180 -120  84.0808 72.6870
-180 -110  85.7140 71.9250
-180 -100  86.6890 72.4281
-180  -90  86.5953 71.6605
-180  -80  86.1435 71.1529
-180  -70  87.3682 70.8024
-180  -60  88.4024 71.0384
-180  -50  87.2445 71.4876
-180  -40  88.0095 71.7064
-170    0  84.4582 72.5783
-170   10  81.6434 73.8767
-170   20  82.1428 74.5566
-170   30  84.3498 75.6051
-170   40  85.8412 76.6960
-170   50  85.9299 77.1644
-170   60  84.5474 77.0982
-170   70  83.5841 76.3308
-170   80  82.5017 75.4024
-170   90  82.0081 74.8033
-170  100  82.1578 74.0325
-170  110  82.6468 73.3404
-170  120  82.9136 73.3194
-170  130  82.7326 73.3109
-170  140  82.5004 73.2136
-170  150  82.7946 73.2951
-170  160  83.0474 73.4190
-170  170  82.8468 73.2378
-170  180  82.5156 72.9962
-170 -180  82.5156 72.9962
-170 -170  82.2137 73.0780
-170 -160  82.4371 73.0765
-170 -150  82.4529 74.2352
-170 -140  83.1999 74.2857
-170 -130  84.4947 74.1210
-170 -120  86.1411 74.0939
-170 -110  87.2582 73.7117
-170 -100  87.5187 73.1753
-170  -90  87.4251 72.6218
-170  -80  88.0066 72.3177
-170  -70  89.1929 72.0667
-170  -60  87.7875 71.9421
-170  -50  86.5109 71.8370
-170  -40  86.4906 70.6416
-170  -30  86.9394 68.8375
-170  -20  89.2926 67.4961
-170  -10  88.7957 70.0629
-160    0  83.6107 73.7010
-160   10  82.6309 74.5452
-160   20  84.2872 75.8838
-160   30  86.6639 77.4791
-160   40  87.7490 78.5389
-160   50  87.0788 78.4378
-160   60  85.5077 77.9537
-160   70  83.8845 76.6173
-160   80  82.9204 75.5845
-160   90  82.6444 74.5278
-160  100  82.8903 73.8326
-160  110  83.1463 73.7272
-160  120  82.9994 73.4984
-160  130  82.8213 73.2517
-160  140  83.0112 73.1953
-160  150  83.3854 73.5489
-160  160  83.7676 73.7166
-160  170  83.4556 73.3750
-160  180  83.1984 73.3095
-160 -180  83.1984 73.3095
-160 -170  83.0943 73.4628
-160 -160  83.0507 74.4885
-160 -150  83.7289 74.6895
-160 -140  84.8334 75.0606
-160 -130  86.3905 75.2515
-160 -120  87.9668 75.1172
-160 -110  88.6186 74.7780
-160 -100  88.6414 74.1254
-160  -90  88.6847 73.4143
-160  -80  89.3456 72.9788
-160  -70  88.8544 72.7186
-160  -60  87.3874 72.0037
-160  -50  86.6384 71.1463
-160  -40  85.6699 70.1102
-160  -30  86.4920 69.1393
-160  -20  88.3184 69.7588
-160  -10  86.8397 71.9110
-150    0  83.8960 74.3402
-150   10  84.3473 75.4516
-150   20  86.8391 77.3181
-150   30  88.7235 78.7796
-150   40  89.3559 80.1049
-150   50  87.7401 79.1988
-150   60  86.0923 78.0086
-150   70  84.3112 76.3111
-150   80  83.4412 75.0185
-150   90  83.3783 73.8621
-150  100  83.4562 73.3349
-150  110  83.2301 73.4530
-150  120  83.0058 73.2976
-150  130  83.0908 73.1504
-150  140  83.4349 73.3313
-150  150  84.0385 73.8464
-150  160  84.0909 73.7907
-150  170  84.1251 73.6421
-150  180  83.8090 73.5386
-150 -180  83.8090 73.5386
-150 -170  83.5780 74.0642
-150 -160  84.1195 74.6562
-150 -150  85.0121 74.9207
-150 -140  86.3245 75.5455
-150 -130  87.8475 75.9782
-150 -120  88.8873 75.8889
-150 -110  89.2524 75.4977
-150 -100  89.2561 74.7387
-150  -90  89.2000 73.8650
-150  -80  88.8960 73.4510
-150  -70  87.8036 72.7527
-150  -60  86.8110 71.6006
-150  -50  86.6186 70.2365
-150  -40  85.8129 69.7238
-150  -30  86.9038 69.7476
-150  -20  87.3880 70.8791
-150  -10  85.6677 72.9280
-140    0  84.7989 74.7707
-140   10  86.5212 76.4487
-140   40  90.3981 80.7666
-140   50  87.8612 79.1811
-140   60  86.0761 77.4895
-140   70  84.4648 75.6447
-140   80  84.1212 74.3000
-140   90  83.9325 73.3762
-140  100  83.7475 72.9230
-140  110  83.4225 72.8045
-140  120  83.1412 72.9900
-140  130  83.3510 73.3955
-140  140  83.9150 73.6412
-140  150  84.7802 74.2190
-140  160  84.7854 74.0426
-140  170  84.5454 73.8442
-140  180  84.1717 73.8052
-140 -180  84.1717 73.8052
-140 -170  84.4597 74.3676
-140 -160  85.1167 74.7173
-140 -150  86.2228 75.3932
-140 -140  87.5950 75.9393
-140 -130  88.7830 76.5311
-140 -120  89.4309 76.4883
-140 -110  89.4274 75.9201
-140 -100  89.1969 75.1872
-140  -90  88.5550 74.2406
-140  -80  87.6167 73.3056
-140  -70  86.8784 72.3867
-140  -60  86.8956 71.2526
-140  -50  86.5043 69.9594
-140  -40  86.6414 69.7611
-140  -30  87.3240 70.2471
-140  -20  87.0286 71.6373
-140  -10  85.4144 73.3967
-130    0  85.8474 74.9815
-130   40  90.2076 80.6239
-130   50  88.1686 78.6766
-130   60  85.5348 76.2592
-130   70  84.4919 74.7668
-130   80  84.2504 73.8145
-130   90  84.2093 73.1727
-130  100  83.6731 72.6758
-130  110  83.2754 72.9422
-130  120  83.2361 73.3754
-130  130  83.7354 73.5877
-130  140  84.5623 74.0496
-130  150  84.8629 74.0365
-130  160  85.1466 74.2568
-130  170  84.8366 73.9642
-130  180  84.8701 74.2528
-130 -180  84.8701 74.2528
-130 -170  85.3029 74.6312
-130 -160  86.0604 75.2283
-130 -150  87.1727 75.7484
-130 -140  88.3529 76.2764
-130 -130  89.3077 76.7706
-130 -120  89.5041 76.7750
-130 -110  89.0173 76.0041
-130 -100  88.1116 75.2157
-130  -90  87.1169 74.0724
-130  -80  86.4126 72.9099
-130  -70  86.3243 72.1560
-130  -60  86.9676 70.8406
-130  -50  86.3704 70.2256
-130  -40  86.4678 70.7718
-130  -30  86.8096 71.3494
-130  -20  86.2325 72.4063
-130  -10  85.1894 73.7933
-120    0  87.1121 74.9678
-120   40  88.5883 79.7223
-120   50  86.5717 77.4114
-120   60  84.4767 75.4107
-120   70  83.8477 74.3918
-120   80  83.9289 73.5830
-120   90  83.9024 73.2246
-120  100  83.3547 73.2521
-120  110  83.1294 73.4965
-120  120  83.5226 73.8101
-120  130  84.2023 74.0521
-120  140  85.0108 74.3793
-120  150  85.1385 74.4385
-120  160  85.1517 74.4337
-120  170  85.2810 74.4703
-120  180  85.4116 74.5495
-120 -180  85.4116 74.5495
-120 -170  85.6455 74.8402
-120 -160  86.4306 75.4699
-120 -150  87.4395 76.1391
-120 -140  88.6973 76.5393
-120 -130  89.1974 76.7774
-120 -120  88.8697 76.5304
-120 -110  87.8903 75.6607
-120 -100  86.7296 74.6956
-120  -90  85.7579 73.5853
-120  -80  85.4840 72.5514
-120  -70  86.4974 71.6753
-120  -60  86.6522 70.8793
-120  -50  86.1807 71.0526
-120  -40  85.8523 71.8282
-120  -30  85.9193 72.5706
-120  -20  85.3487 73.1361
-120  -10  85.2305 73.9722
-110   30  89.9971 81.0733
-110   40  86.8436 79.0155
-110   50  84.1748 76.6519
-110   60  82.3927 74.9818
-110   70  82.6746 74.1589
-110   80  82.7745 74.2346
-110   90  83.0254 73.7520
-110  100  83.0510 73.9134
-110  110  83.2264 73.8823
-110  120  83.8561 74.0431
-110  130  84.5721 74.2118
-110  140  84.8002 74.5826
-110  150  85.1095 74.7948
-110  160  85.3980 74.7985
-110  170  85.4097 74.6092
-110  180  85.2992 74.7151
-110 -180  85.2992 74.7151
-110 -170  85.6892 75.2561
-110 -160  86.5494 75.7732
-110 -150  87.6487 76.4450
-110 -140  88.3927 76.6320
-110 -130  88.3370 76.6339
-110 -120  87.6130 76.0496
-110 -110  86.4865 75.3161
-110 -100  85.2403 74.1518
-110  -90  84.5283 73.2557
-110  -80  85.0893 72.6698
-110  -70  86.5242 71.9375
-110  -60  86.3162 71.5081
-110  -50  85.6607 72.1936
-110  -40  85.1960 73.0022
-110  -30  84.8386 73.5538
-110  -20  84.5456 73.9965
-110  -10  86.0565 74.2873
-100   30  86.2440 80.7589
-100   40  83.1115 78.0232
-100   50  80.4426 76.2502
-100   90  83.1631 75.1238
-100  100  83.3576 74.3065
-100  110  83.4025 74.2631
-100  120  84.0924 74.2468
-100  130  84.6063 74.6781
-100  140  84.5172 74.9728
-100  150  84.9574 74.9821
-100  160  85.1258 74.6037
-100  170  84.8969 74.5498
-100  180  85.0642 74.8437
-100 -180  85.0642 74.8437
-100 -170  85.8110 75.1905
-100 -160  86.5946 75.9766
-100 -150  87.3190 76.4399
-100 -140  87.3437 76.6045
-100 -130  86.9295 76.1499
-100 -120  86.0979 75.5730
-100 -110  84.8919 74.7142
-100 -100  83.6828 73.8920
-100  -90  83.7099 73.3632
-100  -80  85.1026 73.0254
-100  -70  86.0501 72.2883
-100  -60  85.7183 72.6691
-100  -50  84.7591 73.6202
-100  -40  84.0329 74.2987
-100  -30  83.5272 74.4383
-100  -20  85.1771 74.4417
-100  -10  87.6515 75.4881
 -90   30  82.8810 79.7327
 -90   40  80.0225 77.7398
 -90  100  83.6130 74.6020
 -90  110  83.6911 74.0648
 -90  120  84.5767 74.0693
 -90  130  86.2030 73.9889
 -90  140  86.2591 73.8930
 -90  150  85.7862 73.9575
 -90  160  84.8602 73.8818
 -90  170  84.7330 73.8036
 -90  180  84.8739 74.5560
 -90 -180  84.8739 74.5560
 -90 -170  86.0417 74.8614
 -90 -160  86.6087 75.3914
 -90 -150  86.8053 75.8616
 -90 -140  86.2570 75.8232
 -90 -130  85.5385 75.5196
 -90 -120  84.4878 75.0623
 -90 -110  83.2436 74.5555
 -90 -100  82.5532 74.2841
 -90  -90  83.1335 74.0340
 -90  -80  84.6442 73.7075
 -90  -70  85.1241 73.7744
 -90  -60  84.7832 74.4346
 -90  -50  83.5808 74.7595
 -90  -40  82.6015 74.9551
 -90  -30  84.0128 74.7677
 -90  -20  86.8581 75.5437
 -80  100  83.8625 74.6379
 -80  110  84.9234 73.5763
 -80  120  85.6883 73.4161
 -80  130  85.8153 72.8930
 -80  140  86.3841 72.3486
 -80  150  85.4289 72.2500
 -80  160  84.8362 72.9271
 -80  170  84.8969 72.9117
 -80  180  85.1480 73.2818
 -80 -180  85.1480 73.2818
 -80 -170  85.6062 73.8977
 -80 -160  85.8503 74.3031
 -80 -150  85.5966 74.2404
 -80 -140  84.9740 75.0415
 -80 -130  83.9823 75.0749
 -80 -120  82.9452 74.9165
 -80 -110  81.8715 74.9205
 -80 -100  81.4924 74.7616
 -80  -90  81.8566 75.2159
 -80  -80  83.0884 75.7182
 -80  -70  83.8753 76.3698
 -80  -60  84.3285 75.7851
 -80  -50  82.6153 75.3341
 -80  -40  82.0386 75.0435
 -80  -30  86.8342 74.8840
 -70   90  84.9757 76.7171
 -70  100  84.6397 74.0104
 -70  110  85.3865 73.2059
 -70  120  86.3667 72.6561
 -70  130  86.7055 71.7197
 -70  140  85.5077 71.3869
 -70  150  85.4956 70.6964
 -70  160  85.2219 72.5351
 -70  170  84.9864 72.5417
 -70  180  84.9656 72.4571
 -70 -180  84.9656 72.4571
 -70 -170  85.8905 73.1157
 -70 -160  85.0740 72.7521
 -70 -150  84.3277 73.7392
 -70 -140  83.5602 74.7368
 -70 -130  82.4351 75.0047
 -70 -120  81.2538 75.1361
 -70 -110  79.9757 75.3563
 -70 -100  78.9313 76.5032
 -70  -90  79.1077 78.0915
 -70  -80  81.2128 78.6659
 -70  -70  82.9993 78.2480
 -60   90  84.8346 74.2215
 -60  100  85.7126 73.8043
 -60  110  86.9045 73.4273
 -60  120  86.8497 71.3594
 -60  130  86.5915 71.0496
 -60  160  85.2807 72.4410
 -60  170  85.1455 72.3350
 -60  180  86.2761 72.7495
 -60 -180  86.2761 72.7495
 -60 -170  85.0533 73.0754
 -60 -160  84.1239 74.1350
 -60 -150  83.0549 74.1887
 -60 -140  82.3153 74.9471
 -60 -130  81.0360 75.1454
 -60 -120  78.9035 75.5583
 -60 -110  76.2295 76.8874
 -50   80  84.9078 73.7921
 -50   90  85.7713 74.8170
 -50  100  88.4683 75.5966
 -50  110  89.6896 77.3665
 -50  170  86.9256 73.8012
 -50  180  85.2882 72.5834
 -50 -180  85.2882 72.5834
 -50 -170  84.0330 73.1218
 -50 -160  82.7767 72.8830
 -50 -150  82.2323 74.8878
 -50 -140  80.6339 75.3592
 -50 -130  78.3449 74.5916
 -40  170  85.4156 72.4453
 -40  180  84.1426 72.3038
 -40 -180  84.1426 72.3038
 -40 -170  82.7309 72.3550
 -40 -160  81.7733 73.8864
 -40 -150  80.2205 74.6917
 -40 -140  77.7186 74.4392
 -30  160  85.9041 71.3625
 -30  170  83.7573 71.2424
 -30  180  82.8714 72.3243
 -30 -180  82.8714 72.3243
 -30 -170  81.5861 73.7626
 -30 -160  80.2501 73.6520
 -30 -150  76.5946 75.0987
 -20  160  83.3052 68.2506
 -20  170  82.2685 71.3457
 -20  180  81.3706 73.1074
 -20 -180  81.3706 73.1074
 -20 -170  80.0637 73.3611
 -20 -160  76.9923 75.1908
 -10  170  80.9915 73.0498
 -10  180  80.4453 72.4460
 -10 -180  80.4453 72.4460
 -10 -170  77.4471 75.5826
