   0   60  86.5062 107.8979
   0   70  86.0575 112.1604
   0   80  86.8558 114.0977
   0   90  87.2909 114.5403
   0  100  87.4934 114.4926
   0  110  87.8078 113.7167
   0  120  86.1440 108.8662
   0  130  87.1217 111.2117
  10   60  84.9694 108.7423
  10   70  85.0460 111.6055
  10   80  85.1570 112.1104
  10   90  85.3572 112.4284
  10  100  85.0859 112.0694
  10  110  85.3025 111.6592
  10  120  86.0275 111.0135
  10  130  84.6352 107.1209
  20   50  84.3496 106.3149
  20   60  83.6579 109.0944
  20   70  83.6786 110.1653
  20   80  83.8518 110.7268
  20   90  83.9075 111.5921
  20  100  84.0147 111.9825
  20  110  84.2526 112.1361
  20  120  84.5591 110.6274
  20  130  84.2979 105.6111
  30   40  83.9945 104.3333
  30   50  82.6693 107.3057
  30   60  82.5287 108.8976
  30   70  82.6130 110.1681
  30   80  82.6990 111.0431
  30   90  82.8877 112.0815
  30  100  82.9326 112.5580
  30  110  83.0859 112.3588
  30  120  83.1273 111.4444
  40   30  84.4633 103.7007
  40   40  82.2986 106.4322
  40   50  81.6744 108.2653
  40   60  81.5148 109.5676
  40   70  81.4625 110.5976
  40   80  81.6189 111.5765
  40   90  81.7790 111.9859
  40  100  81.8561 111.9021
  40  110  81.7401 110.9815
  40  120  81.7439 110.7756
  40  130  81.8793 108.4980
  40 -100  83.0402 105.0787
  40  -90  83.1967 103.2174
  50   20  85.0290 103.8094
  50   30  82.4591 105.9821
  50   40  81.0742 107.4527
  50   50  80.6648 108.8985
  50   60  82.3328 110.1001
  50   70  80.4886 110.9552
  50   80  80.7586 111.4128
  50   90  80.8193 111.1932
  50  100  80.7966 110.0725
  50  110  80.5117 108.8155
  50  120  80.2670 108.1524
  50  130  79.7061 105.5820
  50  140  79.2069 103.7803
  50  150  81.9443 102.0727
  50 -160  85.1445 101.3070
  50 -150  82.6584 103.2571
  50 -140  80.0399 103.6647
  50 -130  79.7622 103.9583
  50 -120  81.6715 104.8696
  50 -110  83.5285 106.0725
  50 -100  83.7432 104.4321
  50  -90  83.2900 104.5090
  50  -80  82.2868 103.9828
  50  -70  81.3151 103.0317
  50  -60  80.5818 101.6997
  50  -40  80.4865 101.7186
  50  -30  81.3899 102.8684
  50  -20  82.0250 103.9392
  50  -10  81.3086 103.0703
  60    0  83.1215 102.6354
  60   10  84.8066 103.8401
  60   20  82.8676 105.2411
  60   30  80.9385 106.3783
  60   40  80.8344 108.0286
  60   50  81.9489 109.3098
  60   60  82.5309 110.2129
  60   70  80.1620 110.8472
  60   80  80.1914 110.5782
  60   90  80.1321 109.6264
  60  100  79.8749 107.8830
  60  110  79.3995 106.1229
  60  120  78.8093 105.1903
  60  130  78.2138 102.9380
  60  140  78.3368 102.1579
  60  150  78.8602 101.7130
  60  160  80.7055 101.1359
  60  170  82.1482 100.6820
  60  180  83.9365 101.1370
  60 -180  83.9365 101.1370
  60 -170  85.6170 102.6980
  60 -160  84.6845 104.1920
  60 -150  82.1074 104.9617
  60 -140  81.3873 105.6620
  60 -130  82.8504 106.2373
  60 -120  84.5337 107.0637
  60 -110  84.8832 107.7995
  60 -100  83.7893 105.1092
  60  -90  83.2595 104.9990
  60  -80  82.6911 104.7102
  60  -70  82.5105 103.8158
  60  -60  82.3809 103.1067
  60  -50  82.6578 102.8609
  60  -40  82.3361 103.0531
  60  -30  82.1741 103.5195
  60  -20  81.3422 103.4659
  60  -10  81.0863 102.7328
  70    0  83.9075 103.6702
  70   10  83.2260 104.4957
  70   20  81.7125 105.2593
  70   30  80.9049 106.6679
  70   40  81.5396 108.1929
  70   50  82.7369 109.4473
  70   60  82.9789 110.1025
  70   70  82.2355 109.9588
  70   80  80.1021 109.3332
  70   90  79.5373 107.5237
  70  100  78.7936 105.3598
  70  110  78.4933 103.2334
  70  120  77.4562 102.6890
  70  130  76.9657 100.9479
  70  140  77.1241 100.2624
  70  150  77.8809 100.1431
  70  160  79.1267 100.3116
  70  170  81.1097 101.0616
  70  180  83.7416 102.4219
  70 -180  83.7416 102.4219
  70 -170  85.1097 103.8220
  70 -160  83.6765 105.0645
  70 -150  82.5418 105.6913
  70 -140  83.7004 106.6617
  70 -130  85.3357 107.3757
  70 -120  86.1389 108.2252
  70 -110  85.2725 108.1497
  70 -100  83.7452 105.5250
  70  -90  83.5069 105.4708
  70  -80  83.4934 105.0282
  70  -70  83.6426 104.5055
  70  -60  83.7793 104.0789
  70  -50  83.8403 103.7947
  70  -40  83.5941 103.6954
  70  -30  82.8944 103.5136
  70  -20  82.0794 103.4691
  70  -10  82.6769 103.2397
  80    0  83.6310 104.1223
  80   10  82.8810 104.4488
  80   20  81.4077 105.4669
  80   30  81.1661 106.7956
  80   40  82.7166 108.3958
  80   50  83.8162 109.2275
  80   60  83.5157 109.4965
  80   70  82.1840 108.7563
  80   80  79.9616 107.4873
  80   90  78.7325 105.0663
  80  100  77.5410 102.4725
  80  110  76.4661 100.3122
  80  120  75.6583 98.5757
  80  130  75.4002 98.5178
  80  140  75.6527 97.8461
  80  150  76.6536 97.8252
  80  160  78.3345 99.3428
  80  170  80.8897 100.0612
  80  180  83.3021 101.7888
  80 -180  83.3021 101.7888
  80 -170  83.4756 103.6091
  80 -160  83.3022 105.2351
  80 -150  83.8743 106.3891
  80 -140  85.6521 107.6566
  80 -130  87.0224 108.3916
  80 -120  86.8043 109.0810
  80 -110  85.4968 108.9275
  80 -100  83.7527 106.2497
  80  -90  84.0711 106.0578
  80  -80  84.3924 105.3278
  80  -70  84.5943 104.7089
  80  -60  84.5567 104.3015
  80  -50  84.4178 103.9457
  80  -40  83.9836 103.5931
  80  -30  83.5488 103.2402
  80  -20  83.7007 103.0306
  80  -10  83.4944 103.6567
  90    0  83.7621 104.1760
  90   10  81.8807 104.7817
  90   20  80.9885 105.6981
  90   30  82.4253 106.9799
  90   40  84.2599 108.6368
  90   50  84.9122 109.1559
  90   60  83.8414 108.6710
  90   70  81.3584 107.6737
  90   80  79.7261 105.2474
  90   90  77.9317 102.4912
  90  100  76.3201 99.7174
  90  110  74.8431 97.4771
  90  120  73.8776 95.7188
  90  130  73.7775 94.9397
  90  140  74.9686 94.9224
  90  150  76.0111 96.5891
  90  160  78.3317 98.4528
  90  170  81.0179 99.7213
  90  180  82.7583 102.0048
  90 -180  82.7583 102.0048
  90 -170  83.1943 103.9193
  90 -160  83.7566 105.1445
  90 -150  85.5123 106.8225
  90 -140  87.1754 108.1585
  90 -130  87.7082 109.0453
  90 -120  86.7876 109.3574
  90 -110  83.0909 106.5704
  90 -100  84.0034 106.9095
  90  -90  84.7730 106.5480
  90  -80  85.2149 105.6162
  90  -70  85.2058 104.7005
  90  -60  84.8727 104.0799
  90  -50  84.4853 103.5651
  90  -40  84.1746 103.2934
  90  -30  84.1551 103.2887
  90  -20  84.6390 103.5330
  90  -10  84.8550 103.7941
 100    0  82.7541 104.5602
 100   10  81.6146 105.0054
 100   20  82.2613 105.9154
 100   30  84.0881 107.3180
 100   40  85.7421 108.6070
 100   50  85.7009 108.5683
 100   60  83.8586 107.2902
 100   70  81.5133 105.7185
 100   80  79.2049 102.9431
 100   90  76.9042 99.9283
 100  100  74.9747 97.1463
 100  110  73.4154 95.1339
 100  120  72.5541 93.6963
 100  130  72.5732 93.1724
 100  140  73.9329 93.5496
 100  150  75.8581 96.3472
 100  160  78.6428 98.3070
 100  170  81.2017 100.2442
 100  180  82.7588 102.5409
 100 -180  82.7588 102.5409
 100 -170  83.7239 104.1924
 100 -160  84.6741 105.2435
 100 -150  86.7124 107.5905
 100 -140  88.0141 108.6221
 100 -130  87.6966 109.3111
 100 -120  86.5628 109.3019
 100 -110  83.9429 107.7735
 100 -100  84.8071 108.0763
 100  -90  85.7097 107.3859
 100  -80  85.9908 106.2051
 100  -70  85.4584 104.4293
 100  -60  84.8200 103.6778
 100  -50  84.4201 103.2747
 100  -40  84.4811 103.1828
 100  -30  84.9543 103.5592
 100  -20  85.1873 103.9277
 100  -10  84.4819 104.3133
 110    0  82.6394 104.8443
 110   10  82.4129 105.2991
 110   20  83.7152 106.2892
 110   30  85.7564 107.8400
 110   40  86.8768 108.4949
 110   50  85.9313 107.7562
 110   60  83.3593 105.6989
 110   70  80.9670 103.5028
 110   80  78.2072 100.5583
 110   90  75.8790 97.7120
 110  100  74.0418 95.2601
 110  110  72.6444 93.3951
 110  120  71.8132 92.7096
 110  130  72.1299 92.7889
 110  140  73.6243 93.7441
 110  150  75.8498 95.3511
 110  160  77.0947 97.1844
 110  170  76.1218 99.0565
 110  180  76.3497 100.5719
 110 -180  76.3497 100.5719
 110 -170  84.2118 104.3527
 110 -160  85.8852 106.3340
 110 -150  87.7293 108.0981
 110 -140  88.1942 109.2929
 110 -130  87.2763 109.5828
 110 -120  86.3903 109.5486
 110 -110  84.4872 108.3090
 110 -100  86.5116 109.4210
 110  -90  86.5130 108.7053
 110  -80  86.0598 107.5897
 110  -70  85.7314 105.2274
 110  -60  84.9659 103.9831
 110  -50  84.6582 103.3905
 110  -40  85.0950 103.4727
 110  -30  85.5279 104.1142
 110  -20  85.1402 104.3837
 110  -10  84.0032 104.6550
 120    0  83.1525 105.0745
 120   10  83.4266 105.6385
 120   20  85.3120 106.6972
 120   30  87.1502 108.0959
 120   40  87.1860 108.1113
 120   50  85.2456 106.5161
 120   60  82.9994 104.6093
 120   70  80.0085 101.6112
 120   80  77.3190 98.8362
 120   90  75.1869 96.2195
 120  100  73.5777 94.1730
 120  110  72.1106 92.8863
 120  120  72.0585 93.0404
 120  130  72.5887 93.7150
 120  140  74.1485 95.0872
 120  150  76.2308 96.8344
 120  160  77.5532 98.6840
 120  170  77.6884 100.1409
 120  180  83.4315 103.8599
 120 -180  83.4315 103.8599
 120 -170  85.2614 104.8745
 120 -160  87.2035 107.3775
 120 -150  88.2055 108.5434
 120 -140  87.6653 109.6504
 120 -130  86.2142 109.6369
 120 -120  86.1770 109.7033
 120 -110  86.7731 109.6990
 120 -100  86.4121 109.1377
 120  -90  85.8869 107.9518
 120  -80  85.4943 106.9799
 120  -70  85.1847 106.1511
 120  -60  85.4763 103.9467
 120  -50  85.3159 104.1331
 120  -40  85.4675 103.9160
 120  -30  85.5801 104.4283
 120  -20  85.0532 104.7894
 120  -10  83.9521 104.8702
 130    0  83.6188 105.2092
 130   10  84.9909 106.0085
 130   20  86.6953 107.3452
 130   30  87.5556 108.0712
 130   40  86.6373 107.4217
 130   50  83.9243 105.3576
 130   60  81.8282 103.0503
 130   70  79.1261 100.5471
 130   80  75.8513 98.3016
 130   90  73.9643 96.2810
 130  100  72.5576 94.7181
 130  110  72.4400 93.9262
 130  120  72.4168 94.1799
 130  130  73.5877 95.6044
 130  140  75.4793 97.1341
 130  150  77.6823 98.9510
 130  160  78.9579 100.3968
 130  170  78.9270 101.3621
 130  180  84.8226 104.5367
 130 -180  84.8226 104.5367
 130 -170  86.6022 106.1967
 130 -160  87.9287 107.8624
 130 -150  87.8695 109.0432
 130 -140  86.2880 109.4356
 130 -130  85.3195 109.5779
 130 -120  86.5389 109.7615
 130 -110  87.3430 109.1136
 130 -100  86.7865 108.0407
 130  -90  85.0983 108.1153
 130  -80  85.0364 106.7899
 130  -70  85.2109 106.1074
 130  -60  85.6893 104.3029
 130  -50  85.5347 104.5564
 130  -40  85.6280 104.4765
 130  -30  85.6381 104.8709
 130  -20  84.9525 105.0870
 130  -10  83.9329 105.0828
 140    0  84.9317 105.7821
 140   10  86.1575 106.5341
 140   20  87.4467 107.4093
 140   30  87.2335 107.5399
 140   40  85.4290 106.3053
 140   50  83.3585 104.3455
 140   60  80.7397 102.4501
 140   70  77.5855 101.0055
 140   80  76.0347 99.3641
 140   90  76.0750 97.3353
 140  100  73.5728 96.1850
 140  110  73.4800 96.4421
 140  120  74.2816 97.2119
 140  130  75.7948 98.5294
 140  140  77.5537 99.6371
 140  150  79.4381 101.0290
 140  160  80.3930 102.0860
 140  170  83.8448 104.8112
 140  180  85.6661 105.0699
 140 -180  85.6661 105.0699
 140 -170  87.6391 106.9393
 140 -160  88.0875 108.0452
 140 -150  86.6420 108.6281
 140 -140  84.5960 108.8884
 140 -130  85.4626 109.6493
 140 -120  87.0111 109.3479
 140 -110  88.2473 109.0874
 140  -90  83.5211 104.9167
 140  -80  85.2094 107.1070
 140  -70  85.5821 106.4555
 140  -60  85.2267 104.8626
 140  -50  85.3122 104.4131
 140  -40  85.8524 104.9360
 140  -30  85.7937 104.9994
 140  -20  84.7912 105.4578
 140  -10  83.8738 105.3641
 150    0  86.0383 106.5103
 150   10  86.9288 106.7683
 150   40  84.0216 104.4972
 150   50  82.4871 103.4977
 150   60  78.0374 101.7284
 150  100  77.2002 99.3845
 150  110  75.7244 98.9425
 150  120  76.3950 100.6578
 150  130  78.0282 101.5524
 150  140  79.8386 102.3913
 150  150  81.2239 103.2089
 150  160  82.0328 103.6347
 150  170  85.1492 105.5940
 150  180  87.0818 105.5865
 150 -180  87.0818 105.5865
 150 -170  87.9175 107.0574
 150 -160  87.1886 107.6047
 150 -150  84.5705 108.1986
 150 -140  83.8699 107.9446
 150 -130  85.6718 108.8315
 150  -70  85.3845 105.7818
 150  -60  85.3267 103.3537
 150  -30  85.7857 104.8288
 150  -20  84.9855 105.4580
 150  -10  84.7880 105.6188
 160  110  78.0113 102.0124
 160  120  78.7884 103.2226
 160  130  80.3470 104.2222
 160  140  81.8828 104.9480
 160  150  83.1318 105.3883
 160  160  83.9641 105.2551
 160  170  86.3379 106.6126
 160  180  87.7108 106.6334
 160 -180  87.7108 106.6334
 160 -170  87.4452 106.4688
 160 -160  85.1437 106.2364
 160 -150  83.2655 106.3700
 160 -140  84.2455 104.5948
 160  -20  85.4816 105.8282
 160  -10  85.8309 105.7718
 170  110  80.6067 104.5262
 170  120  81.4076 106.0368
 170  130  82.8045 106.8150
 170  140  83.9743 107.4883
 170  150  84.8401 107.5837
 170  160  85.6278 108.4661
 170  170  86.7422 106.9021
 170  180  87.4769 106.4580
 170 -180  87.4769 106.4580
 170 -170  86.0754 104.8802
 170 -160  83.9210 105.0213
 170 -150  83.6506 103.0944
 170  -20  85.6887 105.5141
 180  100  82.8206 105.3989
 180  110  83.0076 107.7449
 180  120  83.9814 108.8675
 180  130  85.0594 109.8948
 180  140  85.2083 110.8098
 180  150  85.6819 111.0124
 180  160  85.7283 111.5609
 180  170  86.4736 110.0713
 180  180  86.1227 107.6502
 180 -180  86.1227 107.6502
 180 -170  85.3095 106.4143
 180 -160  84.2530 101.2753
 180  -30  86.1038 104.7660
-180  100  82.8206 105.3989
-180  110  83.0076 107.7449
-180  120  83.9814 108.8675
-180  130  85.0594 109.8948
-180  140  85.2083 110.8098
-180  150  85.6819 111.0124
-180  160  85.7283 111.5609
-180  170  86.4736 110.0713
-180  180  86.1227 107.6502
-180 -180  86.1227 107.6502
-180 -170  85.3095 106.4143
-180 -160  84.2530 101.2753
-180  -30  86.1038 104.7660
-170   90  84.6101 106.1156
-170  100  84.2251 108.1025
-170  110  85.2233 110.2866
-170  120  85.8153 112.1162
-170  130  86.2951 113.6768
-170  140  86.4124 114.0739
-170  150  86.3317 113.3018
-170  160  85.3552 112.0396
-170  170  85.6311 108.9280
-170  180  85.9234 104.6925
-170 -180  85.9234 104.6925
-170 -170  84.5111 103.5177
-160  100  86.3312 111.5530
-160  110  87.1690 114.1990
-160  120  87.0702 115.5352
-160  130  86.8491 116.5608
-160  140  86.4665 115.4834
-160  150  85.7374 112.8607
-160  160  84.6444 109.2633
-160  170  85.8558 104.4792
-160  180  85.8916 102.2790
-160 -180  85.8916 102.2790
-150  120  86.9438 117.7924
-150  130  85.9868 116.5346
-150  140  85.1256 113.5317
-150  150  84.7100 108.9262
-150  160  84.5499 104.6230
-150  170  85.9898 101.3344
-140  120  84.9480 115.7404
-140  130  84.3961 113.4996
-140  140  83.9153 108.9699
-140  150  83.5358 105.2501
-140  160  82.6279 103.5115
-130  110  83.9029 115.0253
-130  120  83.4561 112.3306
-130  130  82.8893 109.4423
-130  140  83.1711 106.7526
-130  150  83.0653 105.7057
-120  100  82.8462 114.5535
-120  110  82.8963 111.6314
-120  120  82.4817 109.5610
-120  130  82.8001 109.0280
-120  140  82.7626 109.5582
-110  100  82.0141 109.8696
-110  110  82.0033 109.6878
-110  120  82.2554 109.9665
-110  130  82.7117 109.6438
-100  100  80.9216 109.4247
-100  110  81.8281 110.8997
-100  120  82.3965 110.2334
-100  130  83.6607 109.1524
 -90  120  82.2511 108.8572
 -90  130  82.8040 107.5564
 -80  120  82.8410 105.9019
 -80  130  83.1733 106.5262
 -70  110  83.7472 109.1920
 -70  120  83.3496 108.5359
 -70  130  84.0197 108.0510
 -70  140  85.2556 109.3564
 -60  100  84.7145 109.8838
 -60  110  84.3323 110.0656
 -60  120  84.6911 109.5702
 -60  130  85.4354 111.9150
 -50  100  85.1347 108.8927
 -50  110  85.2719 109.9760
 -50  120  86.5952 112.9865
 -50  130  86.8563 111.9835
 -40   90  86.5827 107.6491
 -40  100  86.0173 110.3373
 -40  110  86.1024 112.6112
 -30   80  87.5607 107.0760
 -30   90  87.1410 110.6509
 -30  100  87.3625 113.7403
 -20   70  88.6467 106.1906
 -20   80  87.3798 110.5983
 -20   90  87.9639 113.9622
 -10   70  87.1853 110.0597
 -10   80  87.3079 113.6611
 -10   90  88.6036 115.6794
 -10  100  89.6864 116.5005
 -10  110  90.2366 114.8895
 -10  120  89.9299 116.8816
 -10  130  89.0696 116.8426
