   0 -170  79.4661 109.6046
   0 -160  82.0491 111.4276
   0 -150  83.9890 112.8040
   0 -140  85.0511 114.0892
   0 -130  85.7190 114.4655
   0 -120  86.4284 114.8144
   0 -110  86.0889 114.6077
   0 -100  87.0767 116.2791
   0  -90  85.2124 117.9546
  10  180  87.1196 107.8733
  10 -180  87.1196 107.8733
  10 -170  79.9743 110.3809
  10 -160  82.2148 111.0421
  10 -150  84.1378 111.8161
  10 -140  85.0434 112.6931
  10 -130  85.5283 113.6193
  10 -120  85.6193 114.3933
  10 -110  85.6683 114.3513
  10 -100  85.3388 116.2024
  20  170  88.6030 106.9951
  20  180  83.3333 108.3786
  20 -180  83.3333 108.3786
  20 -170  82.1369 109.4225
  20 -160  82.8460 110.4341
  20 -150  84.1841 111.4618
  20 -140  84.9234 112.7079
  20 -130  85.1445 113.7304
  20 -120  85.1673 113.9993
  20 -110  84.9306 113.2881
  20 -100  84.8130 115.3832
  30  160  90.0578 107.2709
  30  170  83.8072 108.2002
  30  180  81.8999 109.1517
  30 -180  81.8999 109.1517
  30 -170  82.2120 110.2864
  30 -160  82.7848 111.8538
  30 -150  84.0728 111.7935
  30 -140  84.3763 112.8509
  30 -130  84.4154 113.4524
  30 -120  84.2485 112.7924
  30 -110  84.1078 111.6092
  30 -100  83.1386 111.4838
  40  150  91.2044 108.2913
  40  160  85.1039 108.7013
  40  170  82.2078 109.2026
  40  180  82.7195 110.1852
  40 -180  82.7195 110.1852
  40 -170  83.1535 111.6802
  40 -160  82.5446 112.2062
  40 -150  83.5218 112.0238
  40 -140  83.3853 112.4826
  40 -130  83.4015 112.1692
  40 -120  83.2515 111.1658
  40 -110  82.4393 109.8709
  40 -100  81.9542 109.0019
  40  -90  81.6160 107.7505
  40  -80  82.6867 106.3934
  40  -70  85.5855 104.2186
  40  -60  88.6720 100.9914
  50   30  88.1797 103.9049
  50   40  90.3837 106.1049
  50  140  91.3056 109.8660
  50  150  86.7752 109.2371
  50  160  83.0056 109.7549
  50  170  83.1308 110.3640
  50  180  84.0403 111.8393
  50 -180  84.0403 111.8393
  50 -170  83.7292 112.2016
  50 -160  82.4161 112.7375
  50 -150  82.6221 111.4900
  50 -140  82.3784 111.2426
  50 -130  82.1062 110.4837
  50 -120  81.8007 109.1800
  50 -110  81.1049 107.4656
  50 -100  80.6051 106.7008
  50  -90  80.7372 105.3437
  50  -80  82.1372 104.1400
  50  -70  83.8470 102.7557
  50  -60  83.8030 102.7130
  50  -50  84.7756 105.8986
  50  -40  82.1299 105.3051
  60    0  88.9808 106.1821
  60   10  91.6088 104.7542
  60   20  88.7463 104.6552
  60   30  86.7099 104.4189
  60   40  90.5202 104.1100
  60   50  96.3025 107.1873
  60   80  79.0902 107.2682
  60   90  76.4605 106.4815
  60  100  78.2250 105.7356
  60  110  80.5615 105.2537
  60  120  83.6460 108.3409
  60  130  91.2372 109.4086
  60  140  88.4974 109.6249
  60  150  83.1259 110.8994
  60  160  82.6943 111.2233
  60  170  84.4306 111.9786
  60  180  84.7350 112.1479
  60 -180  84.7350 112.1479
  60 -170  83.0250 111.7782
  60 -160  81.7398 112.2079
  60 -150  81.5774 110.3111
  60 -140  81.0117 109.5083
  60 -130  80.5550 108.1974
  60 -120  80.0792 106.6618
  60 -110  79.3129 104.9489
  60 -100  78.9721 103.5253
  60  -90  79.2869 102.3529
  60  -80  80.9767 101.5851
  60  -70  81.6735 101.7608
  60  -60  82.8072 103.8802
  60  -50  82.3718 105.3819
  60  -40  81.5176 105.4858
  60  -30  83.0376 106.5699
  60  -20  84.3502 106.0747
  60  -10  86.4339 105.9750
  70    0  89.1280 106.0354
  70   10  88.4113 105.6029
  70   20  86.4647 105.0017
  70   30  86.5054 105.0222
  70   40  89.1677 105.7257
  70   50  90.7087 106.6028
  70   60  89.0079 107.3950
  70   70  82.6795 108.0900
  70   80  78.0880 107.9265
  70   90  78.2428 107.8586
  70  100  81.0646 108.1503
  70  110  84.0975 108.7689
  70  120  87.1763 110.5450
  70  130  89.1007 110.2726
  70  140  84.7231 110.7494
  70  150  82.7944 111.2376
  70  160  84.3482 111.8030
  70  170  85.4261 112.5892
  70  180  84.8762 112.8473
  70 -180  84.8762 112.8473
  70 -170  81.9004 111.1066
  70 -160  80.7005 111.3056
  70 -150  80.0410 108.6109
  70 -140  79.4442 107.2490
  70 -130  78.9325 105.6449
  70 -120  78.1283 103.8361
  70 -110  77.3396 102.1360
  70 -100  77.0843 100.8314
  70  -90  77.5457 100.0067
  70  -80  79.1461 99.6214
  70  -70  79.6882 100.6925
  70  -60  80.6377 102.6077
  70  -50  81.4110 104.0209
  70  -40  81.9748 105.5086
  70  -30  83.4062 106.2844
  70  -20  85.1318 106.8727
  70  -10  87.7454 106.6231
  80    0  88.3410 105.9859
  80   10  86.4608 105.5265
  80   20  85.1752 105.5237
  80   30  86.6192 105.8597
  80   40  88.1565 106.8896
  80   50  87.6290 107.0696
  80   60  83.7434 106.9608
  80   70  79.8258 107.1909
  80   80  77.9147 108.4444
  80   90  79.8709 109.2476
  80  100  83.7533 109.6178
  80  110  86.8493 110.2219
  80  120  88.8715 111.1166
  80  130  86.3882 110.3266
  80  140  83.9011 110.9861
  80  150  83.9891 111.6062
  80  160  85.9046 112.9839
  80  170  85.8784 113.2914
  80  180  84.0326 112.5583
  80 -180  84.0326 112.5583
  80 -170  81.0248 110.5584
  80 -160  78.5946 108.0773
  80 -150  78.0373 106.8870
  80 -140  77.5352 105.0445
  80 -130  76.9103 103.0295
  80 -120  75.8698 100.9676
  80 -110  75.4725 99.1567
  80 -100  75.2286 98.2080
  80  -90  75.8256 97.8900
  80  -80  77.2175 98.3585
  80  -70  78.7441 99.7871
  80  -60  79.7447 101.6475
  80  -50  80.8330 103.3769
  80  -40  82.2881 104.8881
  80  -30  83.9938 106.3211
  80  -20  86.4273 106.8421
  80  -10  88.2803 106.5343
  90    0  86.9638 105.5468
  90   10  84.8099 105.2643
  90   20  85.1337 105.7482
  90   30  86.5885 106.6847
  90   40  86.9264 107.5115
  90   50  83.9584 107.0359
  90   60  80.4310 106.9386
  90   70  78.6228 107.8509
  90   80  80.2502 108.9637
  90   90  81.7906 110.2211
  90  100  86.3022 110.3133
  90  110  88.3591 110.5606
  90  120  88.5913 110.9516
  90  130  86.2558 111.0400
  90  140  84.0563 111.4050
  90  150  85.7169 112.8349
  90  160  86.9129 113.9811
  90  170  85.1847 113.2059
  90  180  81.5663 110.2683
  90 -180  81.5663 110.2683
  90 -170  79.4164 109.2153
  90 -160  76.7544 106.2783
  90 -150  75.9486 104.5269
  90 -140  75.7061 102.3189
  90 -130  74.9579 99.8138
  90 -120  73.7710 97.9634
  90 -110  73.8282 96.8718
  90 -100  74.0890 96.4590
  90  -90  74.9699 96.9257
  90  -80  76.4200 98.1702
  90  -70  77.5585 99.8554
  90  -60  79.1624 101.9161
  90  -50  80.9768 103.6235
  90  -40  82.8999 104.9780
  90  -30  84.9078 105.8934
  90  -20  87.1287 106.6272
  90  -10  87.9574 106.1623
 100    0  84.9813 105.2695
 100   10  83.8928 105.2464
 100   20  85.2343 106.3471
 100   30  86.2952 107.7834
 100   40  84.2822 108.1164
 100   50  80.9649 107.6654
 100   60  78.8816 107.6124
 100   70  77.4051 108.2406
 100   80  80.5042 109.9926
 100   90  83.3971 110.8414
 100  100  89.1535 110.1403
 100  110  88.3394 110.4185
 100  120  87.0390 111.1234
 100  130  84.6621 111.4730
 100  140  85.1512 112.3640
 100  150  87.4183 114.0900
 100  160  86.6384 114.2612
 100  170  83.9714 112.7710
 100  180  80.3194 109.2609
 100 -180  80.3194 109.2609
 100 -170  77.4531 107.9144
 100 -160  75.8204 104.8423
 100 -150  74.7682 102.5824
 100 -140  74.9838 101.1734
 100 -130  73.5037 98.8194
 100 -120  72.4039 96.3656
 100 -110  72.4880 95.5958
 100 -100  72.9817 95.8287
 100  -90  74.0192 97.1201
 100  -80  75.7570 99.0568
 100  -70  77.2572 100.7790
 100  -60  79.3916 102.6444
 100  -50  81.5355 104.2555
 100  -40  83.5908 105.6012
 100  -30  85.6671 105.8591
 100  -20  87.0064 105.9815
 100  -10  86.6282 105.3261
 110    0  83.2934 105.3080
 110   10  83.8892 106.2367
 110   20  85.0256 107.4938
 110   30  84.4868 108.6725
 110   40  81.3355 108.4170
 110   50  78.9685 108.2352
 110   60  78.1530 108.2290
 110   70  79.9082 109.6037
 110   80  82.8362 110.6009
 110  110  88.6961 109.6634
 110  120  86.1470 111.6065
 110  130  85.1306 112.0064
 110  140  85.9125 113.7213
 110  150  87.0236 115.2155
 110  160  85.4309 114.0635
 110  170  79.8953 109.3694
 110  180  79.6880 107.9565
 110 -180  79.6880 107.9565
 110 -170  78.6940 106.7106
 110 -160  76.8255 104.6566
 110 -150  74.8487 102.3504
 110 -140  72.7847 99.7918
 110 -130  71.2955 97.8726
 110 -120  72.0512 96.3080
 110 -110  71.9247 95.6487
 110 -100  72.5052 96.7809
 110  -90  73.9880 98.6373
 110  -80  75.8842 100.8714
 110  -70  78.1555 102.5868
 110  -60  80.2355 103.7211
 110  -50  82.4448 105.0964
 110  -40  84.4512 105.5603
 110  -30  85.9415 105.8731
 110  -20  85.9666 105.4592
 110  -10  84.7827 105.1887
 120    0  82.6659 106.1802
 120   10  83.3441 106.8038
 120   20  83.7462 108.3327
 120   30  81.9737 109.1883
 120   40  78.5266 108.6905
 120   50  78.3987 108.4824
 120   60  79.7191 109.4174
 120   70  82.2838 110.6743
 120   80  86.7618 110.6090
 120  110  86.5450 109.1981
 120  120  84.9077 109.5289
 120  130  85.9049 110.8947
 120  140  88.4327 112.7868
 120  150  88.6016 113.2007
 120  160  86.5265 111.4034
 120  170  81.4816 107.6029
 120  180  80.8455 106.4717
 120 -180  80.8455 106.4717
 120 -170  79.9563 104.9349
 120 -160  76.4438 103.9635
 120 -150  72.9172 101.3547
 120 -140  71.4531 99.4303
 120 -130  70.9692 97.5174
 120 -120  71.8267 94.4501
 120 -110  73.3359 96.9435
 120 -100  73.8628 99.5157
 120  -90  74.8082 100.9156
 120  -80  77.0045 102.6451
 120  -70  79.3013 103.8374
 120  -60  81.4186 105.0514
 120  -50  83.3520 106.0404
 120  -40  85.2352 105.9850
 120  -30  85.6364 105.9130
 120  -20  84.6282 105.5757
 120  -10  83.0445 105.4775
 130    0  81.7059 105.9218
 130   10  83.0836 107.5711
 130   20  81.7238 109.4531
 130   30  78.6774 109.9677
 130   40  77.5988 110.2908
 130   50  79.4126 110.4561
 130   60  82.2541 109.5958
 130   70  85.1293 110.5524
 130  110  81.2058 106.7147
 130  120  84.2832 109.8057
 130  130  87.0397 111.3958
 130  140  89.1706 112.7341
 130  150  89.0685 112.9008
 130  160  83.7144 107.8082
 130  170  82.7097 107.2709
 130  180  81.3325 106.0028
 130 -180  81.3325 106.0028
 130 -170  79.5593 104.3340
 130 -160  77.8201 103.3414
 130 -150  76.4568 101.7599
 130 -140  74.3582 99.6072
 130 -130  72.6870 95.9946
 130 -120  72.3507 94.6952
 130 -110  73.8524 98.9495
 130 -100  75.6925 101.4121
 130  -90  77.7648 103.3949
 130  -80  78.9576 104.0053
 130  -70  80.9476 105.1430
 130  -60  82.4858 105.7081
 130  -50  84.4305 105.8869
 130  -40  85.3959 105.9779
 130  -30  84.8416 105.7992
 130  -20  83.2691 105.7498
 130  -10  82.1594 106.1823
 140    0  81.9816 106.5927
 140   10  82.3418 108.9468
 140   20  80.6493 110.8563
 140   30  78.7234 108.2314
 140   40  80.7276 108.5022
 140   50  80.5921 108.9809
 140   60  82.9060 109.7542
 140  180  80.8481 106.9516
 140 -180  80.8481 106.9516
 140 -130  74.8086 97.8149
 140 -120  73.7894 98.1890
 140 -110  75.3633 101.8065
 140 -100  77.7195 103.0715
 140  -90  79.8767 104.5478
 140  -80  81.0163 105.1708
 140  -70  82.4848 104.8722
 140  -60  83.4725 105.6834
 140  -50  85.1975 105.8603
 140  -40  85.1829 105.4335
 140  -30  83.9718 105.2884
 140  -20  81.6896 105.3371
 140  -10  80.7062 104.8518
 150    0  82.3259 108.3138
 150 -120  76.1665 102.2665
 150 -110  77.9290 102.9200
 150 -100  80.0785 103.6344
 150  -90  82.2841 105.2598
 150  -80  83.1929 104.1172
 150  -70  83.6466 104.4998
 150  -60  84.7396 105.3037
 150  -50  85.5883 104.2646
 150  -40  85.0319 103.4366
 150  -30  82.6150 103.2308
 150  -20  80.6424 103.4876
 150  -10  81.0208 105.7063
 160 -120  79.9884 103.1364
 160 -110  80.9312 103.4739
 160 -100  82.8259 104.3739
 160  -90  84.2821 104.2997
 160  -80  85.2330 104.9847
 160  -70  85.2513 104.3787
 160  -60  86.6121 105.5067
 160  -50  86.5610 105.5576
 160  -40  85.2383 104.5866
 160  -30  83.3128 104.9993
 160  -20  81.4775 103.8704
 160  -10  81.3160 107.8361
 170 -130  82.3480 102.8032
 170 -120  82.5200 101.4101
 170 -110  85.1041 101.3277
 170 -100  85.3669 102.9837
 170  -90  86.0263 104.4125
 170  -80  86.3377 106.6557
 170  -70  85.6823 107.0763
 170  -60  84.8068 107.7272
 170  -50  85.7568 105.6540
 170  -40  84.3087 107.2040
 170  -30  82.9767 106.2550
 170  -20  82.3231 104.8926
 180 -130  84.3146 97.7084
 180 -120  85.9093 99.2912
 180 -110  86.4350 100.7591
 180 -100  87.4234 105.0809
 180  -90  87.2968 107.6617
 180  -80  86.6142 108.5316
 180  -70  85.5262 108.6272
 180  -60  84.8275 108.9492
 180  -50  83.7730 108.7319
 180  -40  83.5450 107.9103
 180  -30  82.2139 103.3620
-180 -130  84.3146 97.7084
-180 -120  85.9093 99.2912
-180 -110  86.4350 100.7591
-180 -100  87.4234 105.0809
-180  -90  87.2968 107.6617
-180  -80  86.6142 108.5316
-180  -70  85.5262 108.6272
-180  -60  84.8275 108.9492
-180  -50  83.7730 108.7319
-180  -40  83.5450 107.9103
-180  -30  82.2139 103.3620
-170 -130  85.3324 101.7965
-170 -120  85.7130 105.6468
-170 -110  85.1148 108.2453
-170  -80  85.3825 112.4195
-170  -70  85.2704 110.6182
-170  -60  84.6958 108.4990
-170  -50  83.9953 106.3975
-160  -80  85.1520 111.4142
-160  -70  84.9448 106.9500
-160  -60  84.5810 103.5022
-150  -80  86.6950 105.3409
-150  -70  84.7858 100.8085
-140  -90  85.0708 104.5424
-140  -80  84.4538 100.4261
-130 -110  84.0216 109.0487
-130 -100  85.1182 107.6258
-130  -90  85.6559 105.8922
-120 -120  83.7562 110.5920
-120 -110  83.4274 109.3005
-120 -100  83.4162 109.4492
-110 -130  82.4425 108.6440
-110 -120  82.5706 108.9894
-110 -110  81.8940 110.9745
-100 -130  82.5900 106.4016
-100 -120  81.1526 108.7655
-100 -110  81.2410 109.7488
 -90 -130  82.1275 105.6860
 -90 -120  81.4037 107.0230
 -90 -110  81.5171 107.1880
 -80 -130  83.3789 106.2309
 -80 -120  82.1073 104.4790
 -80 -110  82.3746 104.6490
 -80 -100  82.4270 105.6055
 -70 -130  84.0523 105.5563
 -70 -120  83.0527 103.9493
 -70 -110  83.1805 106.0768
 -70 -100  84.4487 108.5638
 -70  -90  84.9794 111.1610
 -60 -140  85.5299 104.1533
 -60 -130  84.6073 107.0914
 -60 -120  84.3662 106.9362
 -60 -110  85.1526 109.7756
 -60 -100  85.8279 113.6871
 -60  -90  86.1277 116.5002
 -50 -150  86.8280 103.7022
 -50 -140  84.6666 107.7772
 -50 -130  84.8669 108.6305
 -50 -120  85.5478 111.2392
 -50 -110  86.9752 113.0876
 -50 -100  88.0942 115.1897
 -40 -150  86.9298 106.0627
 -40 -140  85.2110 107.6600
 -40 -130  85.8385 110.7124
 -40 -120  87.0774 113.5243
 -40 -110  89.3249 116.4301
 -40 -100  91.2740 116.9435
 -30 -160  89.0407 104.9021
 -30 -150  84.8145 106.7432
 -30 -140  85.8115 109.5588
 -30 -130  87.5032 113.2625
 -30 -120  88.9643 115.7903
 -30 -110  89.1042 116.0657
 -30 -100  87.6757 117.0133
 -30  -90  86.9587 115.8797
 -20 -160  88.3194 105.7194
 -20 -150  84.5152 109.0326
 -20 -140  86.8499 112.5322
 -20 -130  87.3546 114.5384
 -20 -120  87.6005 115.2323
 -20 -110  87.6408 115.2365
 -20 -100  87.0466 115.6122
 -20  -90  87.0513 114.8917
 -20  -80  86.2482 113.8728
 -10 -170  91.6494 106.2950
 -10 -160  82.2280 109.2202
 -10 -150  84.5263 112.0420
 -10 -140  85.7947 113.7623
 -10 -130  86.0926 114.8157
 -10 -120  86.5723 115.2375
 -10 -110  86.9728 115.4274
 -10 -100  87.5532 115.6642
 -10  -90  86.4054 116.0600
