   0  160  78.5265 92.4216
   0  170  81.1654 97.2504
   0  180  83.3455 102.5195
   0 -180  83.3455 102.5195
   0 -170  85.0912 106.7566
   0 -160  86.5419 109.3973
   0 -150  87.1044 111.3997
   0 -140  87.1544 113.1947
   0 -130  87.1868 114.1917
   0 -120  87.2448 114.4631
   0 -110  86.9061 115.1239
   0 -100  85.6038 116.6755
  10  150  77.8230 92.8133
  10  160  80.5691 96.4839
  10  170  82.8103 100.7647
  10  180  84.4384 104.3100
  10 -180  84.4384 104.3100
  10 -170  85.5221 106.8363
  10 -160  86.1710 108.5354
  10 -150  86.5586 110.3172
  10 -140  86.7847 111.8486
  10 -130  86.3107 111.6244
  10 -120  85.9069 112.3485
  10 -110  85.9154 115.6432
  20  130  76.6427 95.5583
  20  140  77.6924 95.5649
  20  150  80.1928 97.0083
  20  160  82.5745 99.6657
  20  170  84.1923 102.0711
  20  180  85.2364 104.0374
  20 -180  85.2364 104.0374
  20 -170  85.9194 105.4902
  20 -160  86.4383 106.6998
  20 -150  86.7562 108.4221
  20 -140  86.5810 109.9813
  20 -130  86.1225 110.9863
  20 -120  85.5434 111.5738
  20 -110  85.0385 115.3499
  30  110  78.9935 100.6945
  30  120  78.3824 98.7674
  30  130  78.6145 98.4969
  30  140  80.2102 99.2034
  30  150  82.2877 100.2912
  30  160  83.9666 101.2478
  30  170  85.2352 102.2618
  30  180  86.0736 103.5464
  30 -180  86.0736 103.5464
  30 -170  86.5803 104.5259
  30 -160  86.8621 106.2589
  30 -150  86.7774 108.0083
  30 -140  86.3493 109.5375
  30 -130  85.7826 109.9804
  30 -120  84.9542 109.6277
  30 -110  84.1433 110.8924
  40  100  80.6435 102.3118
  40  110  80.3204 101.0847
  40  120  80.0728 100.8280
  40  130  80.4948 101.0778
  40  140  81.9372 101.5922
  40  150  83.6047 102.0501
  40  160  84.9329 102.3245
  40  170  85.9689 103.0482
  40  180  86.7140 104.0312
  40 -180  86.7140 104.0312
  40 -170  87.0651 105.2408
  40 -160  87.0004 106.4047
  40 -150  86.6169 107.6423
  40 -140  86.0239 108.5731
  40 -130  85.2245 108.2613
  40 -120  84.6465 107.3051
  40 -110  83.2545 107.5766
  40  -30  81.2046 99.5138
  40  -20  79.1327 98.5369
  50    0  82.8775 100.6021
  50   10  84.4735 101.5014
  50   20  85.4255 102.6141
  50   30  87.4430 102.4388
  50   90  82.3729 103.0604
  50  100  81.6153 103.2278
  50  110  81.8498 103.2344
  50  120  82.6364 103.1167
  50  130  83.6175 103.2088
  50  140  83.2525 103.0423
  50  150  84.3972 102.9661
  50  160  85.3747 103.0713
  50  170  86.2816 103.9116
  50  180  86.9446 104.7763
  50 -180  86.9446 104.7763
  50 -170  87.1700 105.5087
  50 -160  86.9384 106.2706
  50 -150  86.3456 106.8422
  50 -140  85.5001 106.9818
  50 -130  84.6397 106.2457
  50 -120  83.8398 105.0110
  50 -110  82.5640 104.4952
  50 -100  82.3240 103.4672
  50  -90  83.3843 101.9165
  50  -80  86.2996 99.9042
  50  -70  89.0695 98.8112
  50  -60  88.1308 99.5814
  50  -50  85.2122 100.7309
  50  -40  82.4792 100.8178
  50  -30  80.9837 100.4219
  50  -20  80.2196 99.8097
  50  -10  81.4550 100.2732
  60    0  85.0333 102.2208
  60   10  85.2477 102.4100
  60   20  86.2707 102.5195
  60   30  87.9702 101.4979
  60   40  90.7942 100.0039
  60   50  93.0833 98.1653
  60   60  90.6838 97.7743
  60   70  86.6008 100.6986
  60   80  84.2163 102.8568
  60   90  82.7825 103.8078
  60  100  83.0769 104.2757
  60  110  84.0632 104.5269
  60  120  84.6984 104.2508
  60  130  85.0770 104.0582
  60  140  84.0063 103.6191
  60  150  84.8877 103.3646
  60  160  85.7100 103.6240
  60  170  86.4808 104.3122
  60  180  86.9883 104.7874
  60 -180  86.9883 104.7874
  60 -170  87.0278 105.2629
  60 -160  86.5365 105.5713
  60 -150  85.6950 105.5925
  60 -140  84.5948 104.9261
  60 -130  83.4607 103.7693
  60 -120  82.2965 102.3781
  60 -110  81.2891 100.8518
  60 -100  80.9836 100.2124
  60  -90  82.0405 98.8432
  60  -80  83.7827 97.8217
  60  -70  84.6741 98.0052
  60  -60  83.8665 99.3597
  60  -50  82.4554 100.3219
  60  -40  81.7603 100.8817
  60  -30  81.7350 101.1438
  60  -20  82.6979 101.8176
  60  -10  83.6849 101.9457
  70    0  85.9286 102.7490
  70   10  85.5691 102.2793
  70   20  86.5383 101.5773
  70   30  88.0599 100.5377
  70   40  89.7780 100.5343
  70   50  90.5480 100.0360
  70   60  88.8551 100.7858
  70   70  85.9172 102.2471
  70   80  84.0060 103.5123
  70   90  84.5777 104.1449
  70  100  85.0958 105.3754
  70  110  85.9346 105.4805
  70  120  86.0621 104.7424
  70  130  85.6262 104.3579
  70  140  84.3857 103.7514
  70  150  85.1096 103.4937
  70  160  85.9772 103.8340
  70  170  86.6513 104.1940
  70  180  86.8735 104.4226
  70 -180  86.8735 104.4226
  70 -170  86.5620 104.5116
  70 -160  85.7389 104.2547
  70 -150  84.5309 103.6623
  70 -140  83.0329 102.4613
  70 -130  81.5116 100.8625
  70 -120  80.1926 99.3644
  70 -110  79.4051 97.9030
  70 -100  79.4770 96.6020
  70  -90  80.6063 95.6163
  70  -80  81.1566 96.3975
  70  -70  81.8016 97.3480
  70  -60  81.6481 98.8485
  70  -50  81.5188 100.0117
  70  -40  81.8734 101.3950
  70  -30  82.9839 102.6492
  70  -20  84.6355 102.7938
  70  -10  85.3598 102.7808
  80    0  86.1010 102.5713
  80   10  85.6928 101.9084
  80   20  86.7025 101.2908
  80   30  88.3083 100.6879
  80   40  89.7070 100.2066
  80   50  88.9443 101.0734
  80   60  87.0360 101.6972
  80   70  85.2243 102.9288
  80   80  84.9839 103.7627
  80   90  85.6307 105.5654
  80  100  87.0450 106.3811
  80  110  87.2904 105.7758
  80  120  86.5255 104.8836
  80  130  85.4798 104.1739
  80  140  84.4440 103.4564
  80  150  85.2072 103.4489
  80  160  86.2030 103.5923
  80  170  86.7896 103.7358
  80  180  86.7027 103.8192
  80 -180  86.7027 103.8192
  80 -170  85.9190 103.2514
  80 -160  84.6337 102.5718
  80 -150  82.9601 101.3550
  80 -140  81.1319 99.6290
  80 -130  79.4043 97.9261
  80 -120  78.0383 96.3628
  80 -110  77.3775 94.9395
  80 -100  77.5873 93.9825
  80  -90  78.6076 93.8654
  80  -80  79.7986 94.6046
  80  -70  80.5044 96.2989
  80  -60  80.8918 98.4113
  80  -50  81.6874 100.5946
  80  -40  82.6315 102.3731
  80  -30  84.1832 103.1997
  80  -20  85.6735 103.3473
  80  -10  86.2105 103.0205
  90    0  85.6412 102.1728
  90   10  85.6605 101.4542
  90   20  86.9518 101.2344
  90   30  88.2892 100.9636
  90   40  88.7794 100.8140
  90   50  87.8351 100.7839
  90   60  86.0682 101.6605
  90   70  85.2943 103.0569
  90   80  86.4150 104.8340
  90   90  87.3482 106.6322
  90  100  88.2632 106.8445
  90  110  87.6398 105.6188
  90  120  86.1534 104.4347
  90  130  84.8967 103.6744
  90  140  84.4185 103.1089
  90  150  85.2987 102.9868
  90  160  86.3707 102.9656
  90  170  86.7458 103.0964
  90  180  86.1850 102.5998
  90 -180  86.1850 102.5998
  90 -170  84.8882 101.5980
  90 -160  83.1509 100.4582
  90 -150  81.1964 98.7696
  90 -140  79.1423 96.7927
  90 -130  77.3416 95.0668
  90 -120  76.0152 93.3944
  90 -110  75.4915 92.4244
  90 -100  75.8517 92.1713
  90  -90  76.8839 92.8960
  90  -80  78.1249 94.4718
  90  -70  79.2776 96.5071
  90  -60  80.6108 99.1488
  90  -50  82.3174 101.4316
  90  -40  83.8537 103.2263
  90  -30  85.4964 103.7333
  90  -20  86.2961 103.4881
  90  -10  86.1532 102.7191
 100    0  84.9587 101.3688
 100   10  85.7755 101.2470
 100   20  87.0919 101.2431
 100   30  87.8511 101.3537
 100   40  87.4658 101.3247
 100   50  86.2307 101.5117
 100   60  85.3332 102.3887
 100   70  85.8789 103.9230
 100   80  86.8835 106.0895
 100   90  88.6443 107.3073
 100  100  88.7028 106.7165
 100  110  87.1421 105.1129
 100  120  85.1134 103.8539
 100  130  83.9123 103.0579
 100  140  84.1657 102.4243
 100  150  85.3466 102.4439
 100  160  86.2448 102.6049
 100  170  86.1028 102.1639
 100  180  84.9872 101.0278
 100 -180  84.9872 101.0278
 100 -170  83.4110 99.7881
 100 -160  81.4516 98.2392
 100 -150  79.3272 96.2847
 100 -140  77.2221 94.2628
 100 -130  75.4533 92.5698
 100 -120  74.3081 91.3297
 100 -110  74.0272 90.8440
 100 -100  74.6284 91.4031
 100  -90  75.8622 92.9548
 100  -80  77.3865 94.8825
 100  -70  79.0886 97.6429
 100  -60  81.0311 100.1448
 100  -50  83.0357 102.7943
 100  -40  85.1134 103.6000
 100  -30  86.5216 103.8153
 100  -20  86.4352 103.0098
 100  -10  85.6180 102.1682
 110    0  84.7599 101.3058
 110   10  85.7424 101.5384
 110   20  86.7377 101.8770
 110   30  86.8125 102.0138
 110   40  85.8466 101.7830
 110   50  84.8738 102.1533
 110   60  85.0954 103.3415
 110   70  86.7090 105.3421
 110   80  88.0390 107.1409
 110   90  89.0750 107.5160
 110  100  88.0713 106.1568
 110  110  85.7838 104.3718
 110  120  83.5929 102.9742
 110  130  83.1576 101.9741
 110  140  83.9873 102.0402
 110  150  85.1584 102.3657
 110  160  85.4973 101.9877
 110  170  84.8056 101.2425
 110  180  83.5104 99.8354
 110 -180  83.5104 99.8354
 110 -170  81.9855 98.4574
 110 -160  80.0637 96.7740
 110 -150  77.6371 94.5686
 110 -140  75.5932 92.6927
 110 -130  74.0115 91.1422
 110 -120  73.1946 90.3961
 110 -110  73.2668 90.5765
 110 -100  74.1691 91.8706
 110  -90  75.6904 93.8888
 110  -80  77.5462 96.3471
 110  -70  79.7016 99.0908
 110  -60  81.9309 101.6596
 110  -50  84.0549 103.2418
 110  -40  86.0478 103.8294
 110  -30  86.5896 103.4840
 110  -20  85.8102 102.4075
 110  -10  84.7115 101.5641
 120    0  84.5662 101.7090
 120   10  85.5569 102.1755
 120   20  85.5801 102.7280
 120   30  84.9294 102.7733
 120   40  83.9034 102.1992
 120   50  83.9731 102.9872
 120   60  85.4150 104.4422
 120   70  86.9643 106.6435
 120   80  88.3460 107.8815
 120   90  89.5574 107.3008
 120  100  86.4687 105.4250
 120  110  83.7070 103.7753
 120  120  81.8330 102.6402
 120  130  82.3963 101.8148
 120  140  83.2260 102.1300
 120  150  84.0852 102.0230
 120  160  84.0692 101.7660
 120  170  83.2147 100.4813
 120  180  82.3199 99.0589
 120 -180  82.3199 99.0589
 120 -170  80.6919 97.6326
 120 -160  78.7560 95.9785
 120 -150  76.2902 93.9662
 120 -140  74.4185 92.2671
 120 -130  73.1923 91.1643
 120 -120  72.8703 91.0236
 120 -110  73.3789 91.8409
 120 -100  74.6040 93.4633
 120  -90  76.3611 95.8202
 120  -80  78.4547 98.5169
 120  -70  80.7558 100.8475
 120  -60  82.9664 103.1155
 120  -50  85.2400 103.5730
 120  -40  86.3942 103.7754
 120  -30  86.0516 102.7302
 120  -20  84.7390 101.7928
 120  -10  83.8481 101.5609
 130    0  83.8197 102.3370
 130   10  84.6984 103.5014
 130   20  83.8446 104.8048
 130   30  82.6702 104.9312
 130   40  82.2219 103.8019
 130   50  84.7280 102.9781
 130   60  87.0069 105.4039
 130   70  87.1215 107.7064
 130   80  87.9770 107.8641
 130   90  88.1781 106.6884
 130  100  84.2719 104.7647
 130  110  80.9374 103.2247
 130  120  80.0422 102.1239
 130  130  81.0005 101.2561
 130  140  81.5991 102.1428
 130  150  82.2505 102.9136
 130  160  82.9345 101.9179
 130  170  82.1086 100.1722
 130  180  82.5947 98.5156
 130 -180  82.5947 98.5156
 130 -170  81.4179 97.9555
 130 -160  77.6496 96.5772
 130 -150  75.3153 94.7106
 130 -140  73.8522 93.4277
 130 -130  73.1764 92.7502
 130 -120  73.4264 92.8925
 130 -110  74.3742 94.1028
 130 -100  75.8528 95.8936
 130  -90  77.6843 98.1484
 130  -80  79.7632 100.3088
 130  -70  81.8498 102.3007
 130  -60  84.1838 103.1138
 130  -50  85.8761 103.4322
 130  -40  86.1499 102.8472
 130  -30  85.0122 102.0885
 130  -20  83.5057 101.7521
 130  -10  83.4151 102.0621
 140    0  83.5717 103.4245
 140   10  83.1955 106.2461
 140   20  81.5618 105.9158
 140   30  81.1319 103.0271
 140   40  82.2471 103.5913
 140   50  84.7090 104.6123
 140   60  86.1159 105.9757
 140   70  87.4135 107.0368
 140   80  87.7973 106.4515
 140   90  86.2491 105.5440
 140  100  82.4585 103.9059
 140  110  79.4151 103.2068
 140  120  80.6680 101.4080
 140  130  80.0520 101.9444
 140  140  82.5453 102.5917
 140  160  80.6606 104.0145
 140  170  82.2533 101.0687
 140  180  81.9029 99.8484
 140 -180  81.9029 99.8484
 140 -170  80.4034 99.6441
 140 -160  78.3177 98.2891
 140 -150  75.1256 97.1039
 140 -140  75.9250 95.6358
 140 -130  75.9384 95.2947
 140 -120  74.8793 95.5423
 140 -110  76.0109 96.7975
 140 -100  77.5423 98.4021
 140  -90  79.3118 100.3400
 140  -80  81.1535 101.6672
 140  -70  82.6912 103.0174
 140  -60  85.1429 102.8162
 140  -50  86.1259 102.6662
 140  -40  85.5233 102.2191
 140  -30  83.7516 101.9208
 140  -20  82.1995 102.7870
 140  -10  82.1927 102.8080
 150    0  82.6485 105.6324
 150   40  83.6492 105.6330
 150   50  83.6661 104.8981
 150   60  84.8545 105.5879
 150   80  85.9048 106.2645
 150   90  83.0377 103.9450
 150  100  78.6915 103.0742
 150  110  78.3970 102.2167
 150  120  79.0275 102.5328
 150  170  82.2763 100.6512
 150  180  80.3342 98.1567
 150 -180  80.3342 98.1567
 150 -170  78.3221 97.6106
 150 -160  77.6875 100.3896
 150 -150  76.9106 98.8156
 150 -140  76.9654 97.8838
 150 -130  77.6346 97.8720
 150 -120  78.6041 98.5822
 150 -110  77.8288 98.9110
 150 -100  79.3848 100.3439
 150  -90  81.0328 101.8071
 150  -80  82.4092 102.7250
 150  -70  84.6205 102.6544
 150  -60  86.0104 101.9950
 150  -50  86.0077 101.9287
 150  -40  84.3525 102.2055
 150  -30  81.8437 102.9387
 150  -20  81.1059 103.2300
 150  -10  82.0791 103.5360
 160   90  79.8712 102.9155
 160  100  77.7728 102.6896
 160  110  78.6968 103.1240
 160  170  82.0730 101.1487
 160  180  78.6611 98.5988
 160 -180  78.6611 98.5988
 160 -160  77.5165 97.9239
 160 -150  78.3201 100.1982
 160 -140  78.8812 99.5418
 160 -130  79.7374 99.6926
 160 -120  80.8350 100.2392
 160 -110  79.7223 100.7013
 160 -100  81.2676 102.3528
 160  -90  82.7779 101.8987
 160  -80  83.7321 102.0825
 160  -70  86.0997 101.0135
 160  -60  86.3923 100.6786
 160  -50  85.1039 101.3231
 160  -40  82.4993 102.1906
 160  -30  80.6511 103.4298
 160  -20  80.6660 104.6314
 170   90  78.0466 102.0977
 170 -150  80.7296 100.6512
 170 -140  81.0439 100.5077
 170 -130  81.7831 100.4790
 170 -120  82.4306 100.6560
 170 -110  82.2174 104.4243
 170 -100  83.2510 103.2617
 170  -90  84.4380 102.9943
 170  -80  85.2291 100.4202
 170  -70  86.1940 105.7278
 170  -60  85.3900 106.7535
 170  -50  83.4702 106.9088
 170  -40  81.5806 104.9147
 170  -30  80.2705 105.7757
 180 -150  82.5124 100.8604
 180 -140  82.8014 100.4742
 180 -130  83.2840 100.7644
 180 -120  83.7059 102.0379
 180 -110  83.6370 106.5441
 180 -100  84.8194 105.7611
 180  -90  85.0932 106.9688
 180  -80  84.7635 107.6452
 180  -70  85.5713 110.0907
 180  -60  84.1179 109.3494
 180  -50  82.6931 107.3069
 180  -40  81.5830 108.3086
-180 -150  82.5124 100.8604
-180 -140  82.8014 100.4742
-180 -130  83.2840 100.7644
-180 -120  83.7059 102.0379
-180 -110  83.6370 106.5441
-180 -100  84.8194 105.7611
-180  -90  85.0932 106.9688
-180  -80  84.7635 107.6452
-180  -70  85.5713 110.0907
-180  -60  84.1179 109.3494
-180  -50  82.6931 107.3069
-180  -40  81.5830 108.3086
-170 -150  83.8019 100.1882
-170 -140  84.2701 100.2719
-170 -130  84.7236 102.0007
-170 -120  85.3996 104.5945
-170 -110  85.7710 106.7856
-170 -100  85.8098 108.4832
-170  -90  85.3536 109.6584
-170  -80  84.4351 112.1120
-170  -70  82.6047 111.7032
-170  -60  82.3137 108.2845
-170  -50  81.7985 108.6269
-160 -160  84.7757 99.0927
-160 -150  85.1230 99.8835
-160 -140  85.7122 101.9030
-160 -130  86.2573 105.1345
-160 -120  86.3737 107.7408
-160 -110  86.2403 109.5351
-160 -100  85.8428 110.8848
-160  -90  85.1242 114.0309
-160  -80  83.8261 112.9843
-160  -70  82.9872 108.0378
-160  -60  82.2564 107.4123
-150 -170  85.0828 98.1250
-150 -160  85.7360 99.2595
-150 -150  86.3682 102.0003
-150 -140  86.6269 105.2260
-150 -130  86.3614 107.8255
-150 -120  86.0223 109.4567
-150 -110  85.6632 110.9393
-150 -100  85.2450 114.1771
-150  -90  84.5973 112.8786
-150  -80  83.3394 106.6783
-150  -70  82.6651 105.4029
-140 -160  85.9970 102.4651
-140 -150  85.7544 104.1937
-140 -140  85.7467 106.8820
-140 -130  86.2526 109.5119
-140 -120  85.0938 110.6106
-140 -110  84.7955 112.8831
-140 -100  85.0438 112.2008
-140  -90  83.5602 106.9129
-140  -80  82.6780 104.8815
-130 -150  84.6703 105.2028
-130 -140  86.0646 109.4586
-130 -130  84.8878 110.1123
-130 -120  84.3278 111.0468
-130 -110  84.7499 110.8224
-130 -100  84.4481 109.5718
-130  -90  82.3672 107.6344
-120 -150  85.8145 108.8069
-120 -140  84.6391 108.9691
-120 -130  84.1267 109.4949
-120 -120  84.2653 109.8522
-120 -110  84.2354 110.4380
-120 -100  83.1632 111.9162
-110 -160  85.6051 107.6697
-110 -150  84.6340 107.4659
-110 -140  84.0959 107.5758
-110 -130  83.8741 108.3471
-110 -120  84.0078 110.3174
-110 -110  83.3475 112.7593
-100 -160  84.7604 105.1682
-100 -150  83.3462 104.0335
-100 -140  83.1312 107.0052
-100 -130  83.8209 110.3567
-100 -120  83.6171 111.3288
-100 -110  83.9051 110.0095
 -90 -170  83.6399 103.4343
 -90 -160  83.5283 105.7031
 -90 -150  83.7552 108.7886
 -90 -140  84.5240 110.8264
 -90 -130  84.5340 111.2183
 -90 -120  84.0393 108.9936
 -90 -110  84.4768 106.0229
 -80 -150  84.9683 112.1489
 -80 -140  85.2939 111.1929
 -80 -130  84.0359 105.5827
 -80 -120  84.3349 106.1799
 -80 -110  84.9960 105.6170
 -70 -150  85.3826 108.7301
 -70 -140  85.0357 105.0364
 -70 -130  84.7081 107.3121
 -70 -120  84.7754 106.9972
 -70 -110  85.4265 108.3094
 -70 -100  86.1100 109.1462
 -60 -150  84.1503 108.1281
 -60 -140  84.5727 106.8130
 -60 -130  85.2346 107.4990
 -60 -120  85.4674 108.3347
 -60 -110  85.8941 111.9958
 -60 -100  86.5460 115.0491
 -50 -160  83.8440 103.8149
 -50 -150  84.4679 104.2427
 -50 -140  85.0879 105.9778
 -50 -130  85.4259 108.4563
 -50 -120  85.9763 111.7447
 -50 -110  87.2250 115.0612
 -40 -160  83.9607 100.3926
 -40 -150  85.2213 103.6116
 -40 -140  85.8513 107.1309
 -40 -130  86.7376 109.7114
 -40 -120  88.4700 113.6576
 -40 -110  91.5831 118.7250
 -30 -170  82.5973 97.0417
 -30 -160  84.7185 101.5569
 -30 -150  86.2310 105.6828
 -30 -140  87.4113 109.4462
 -30 -130  89.5840 113.6551
 -30 -120  91.9283 115.3889
 -20  180  81.2543 94.5817
 -20 -180  81.2543 94.5817
 -20 -170  83.3542 99.6035
 -20 -160  86.0795 104.6418
 -20 -150  87.7604 109.1367
 -20 -140  89.4922 113.0201
 -20 -130  90.9192 114.8837
 -20 -120  91.1169 115.3492
 -20 -110  89.0644 116.7967
 -10  170  79.7144 93.0996
 -10  180  82.1660 98.3205
 -10 -180  82.1660 98.3205
 -10 -170  84.2946 103.6824
 -10 -160  86.6332 108.2545
 -10 -150  88.1924 111.1930
 -10 -140  88.9086 113.1682
 -10 -130  88.6891 114.3362
 -10 -120  88.1379 114.8017
 -10 -110  87.2396 115.1827
 -10 -100  86.0118 114.2176
