   0  160  78.0933 91.9359
   0  170  81.5525 97.9475
   0  180  84.1902 103.4687
   0 -180  84.1902 103.4687
   0 -170  86.1610 107.4645
   0 -160  87.6730 109.8195
   0 -150  88.3790 111.5907
   0 -140  88.2663 113.7927
   0 -130  88.3071 115.5188
   0 -120  88.2362 116.1358
   0 -110  87.6723 116.1655
   0 -100  85.9641 117.9676
  10  150  77.1438 92.4371
  10  160  80.7116 97.4017
  10  170  83.4155 102.3496
  10  180  85.2257 105.9755
  10 -180  85.2257 105.9755
  10 -170  86.4369 108.2738
  10 -160  87.0537 109.9952
  10 -150  87.2369 112.2039
  10 -140  87.7357 113.5539
  10 -130  87.0064 113.1525
  10 -120  86.4970 113.9405
  10 -110  86.2478 118.0883
  20  140  76.9114 94.6820
  20  150  80.1310 97.6242
  20  160  82.8218 100.9363
  20  170  84.6213 103.6866
  20  180  85.7878 105.4843
  20 -180  85.7878 105.4843
  20 -170  86.4841 106.9870
  20 -160  87.1352 108.4330
  20 -150  87.2371 109.8272
  20 -140  87.1061 111.3019
  20 -130  86.5722 112.3471
  20 -120  85.8566 113.4688
  20 -110  84.4464 118.1344
  30  120  76.8643 99.0122
  30  130  78.3773 99.2548
  30  140  79.5159 99.4619
  30  150  81.9421 100.9942
  30  160  83.9627 102.3829
  30  170  85.3463 103.5553
  30  180  86.2806 104.5198
  30 -180  86.2806 104.5198
  30 -170  86.9524 105.7858
  30 -160  87.1480 107.3557
  30 -150  87.3440 109.2001
  30 -140  86.8225 110.6520
  30 -130  85.9109 111.1415
  30 -120  85.1141 111.3456
  30 -110  83.9859 113.4143
  40  100  76.6347 102.2117
  40  110  77.9254 101.9043
  40  120  79.2127 101.7842
  40  130  80.8849 102.3068
  40  140  82.9493 102.8307
  40  150  83.4542 102.8271
  40  160  84.9619 103.5275
  40  170  85.9895 104.2050
  40  180  86.6060 104.8118
  40 -180  86.6060 104.8118
  40 -170  87.0620 106.2298
  40 -160  87.3001 107.3701
  40 -150  86.9838 108.7016
  40 -140  86.2832 109.3923
  40 -130  85.3880 109.2031
  40 -120  84.7047 108.5023
  40 -110  82.9095 108.8689
  50    0  83.0575 100.2611
  50   10  83.7334 101.2379
  50   90  77.6346 102.9903
  50  100  78.6553 103.6743
  50  110  80.1584 103.9564
  50  120  81.9775 104.1325
  50  130  83.7737 104.3793
  50  140  84.9895 104.1977
  50  150  84.3887 103.8439
  50  160  85.3435 104.4594
  50  170  86.3007 104.7062
  50  180  86.7858 105.7004
  50 -180  86.7858 105.7004
  50 -170  86.9766 106.5920
  50 -160  86.8165 107.4487
  50 -150  86.2786 107.9074
  50 -140  85.4546 107.6539
  50 -130  84.1830 107.2645
  50 -120  83.0443 105.8860
  50 -110  82.1379 105.4750
  50 -100  81.9356 104.0777
  50  -90  82.9491 102.3845
  50  -80  85.1505 100.3073
  50  -70  87.7438 98.7198
  50  -60  87.3981 99.1924
  50  -50  84.8097 100.2399
  50  -40  82.3284 100.6911
  50  -30  80.8006 100.2559
  50  -20  79.8632 99.5938
  50  -10  81.4871 100.0604
  60    0  84.2120 101.7431
  60   10  85.8085 102.1958
  60   20  86.6138 102.2495
  60   30  88.8191 101.0916
  60   40  92.7887 98.1343
  60   80  79.6176 102.6231
  60   90  79.5811 104.1857
  60  100  81.0700 105.2662
  60  110  83.1552 105.7225
  60  120  84.8695 105.7367
  60  130  85.6052 105.3011
  60  140  85.6101 104.7239
  60  150  84.4659 104.4579
  60  160  85.2119 104.9796
  60  170  86.1642 105.1858
  60  180  86.5670 105.9351
  60 -180  86.5670 105.9351
  60 -170  86.5986 106.4720
  60 -160  86.1004 106.7225
  60 -150  85.2883 106.5669
  60 -140  84.2108 105.7826
  60 -130  82.8885 104.8952
  60 -120  81.6367 103.3244
  60 -110  80.7963 101.6790
  60 -100  80.4190 100.8094
  60  -90  81.3489 99.2688
  60  -80  82.7773 98.2023
  60  -70  83.7012 98.3070
  60  -60  83.3244 99.5164
  60  -50  82.2953 100.7069
  60  -40  81.7016 100.8694
  60  -30  81.2883 101.0139
  60  -20  81.3134 101.3414
  60  -10  83.9588 101.7532
  70    0  86.3378 102.5358
  70   10  85.7753 102.0167
  70   20  86.4985 101.7658
  70   30  88.2297 100.6044
  70   40  90.6581 98.9674
  70   50  91.4831 97.8354
  70   60  87.2535 99.1092
  70   70  82.8697 102.0054
  70   80  80.9845 103.7638
  70   90  81.7617 105.3507
  70  100  83.9169 106.7778
  70  110  85.7914 107.1267
  70  120  86.4923 106.5222
  70  130  86.1845 105.5006
  70  140  85.7293 104.8028
  70  150  84.9177 104.7203
  70  160  85.3975 104.8631
  70  170  86.0766 105.3363
  70  180  86.4021 105.4622
  70 -180  86.4021 105.4622
  70 -170  86.1131 105.6461
  70 -160  85.2617 105.4996
  70 -150  84.0740 104.6925
  70 -140  82.6693 103.5613
  70 -130  81.1209 102.3434
  70 -120  79.7066 100.6638
  70 -110  78.8490 99.0204
  70 -100  78.9535 97.3778
  70  -90  80.0678 96.1759
  70  -80  80.2529 96.9084
  70  -70  80.9990 97.8760
  70  -60  81.1075 99.2757
  70  -50  81.4212 100.0919
  70  -40  81.7134 101.1562
  70  -30  82.2353 102.0691
  70  -20  84.1817 102.5558
  70  -10  85.4872 102.4283
  80    0  86.2652 102.0909
  80   10  85.5051 101.4952
  80   20  86.4800 100.9536
  80   30  88.1635 100.2546
  80   40  89.1881 100.3059
  80   50  88.6200 100.2043
  80   60  85.5271 101.2922
  80   70  82.7193 102.9568
  80   80  82.3657 104.8250
  80   90  84.1867 106.7221
  80  100  86.4555 108.1404
  80  110  87.6422 107.8347
  80  120  87.6184 106.5147
  80  130  86.8278 105.2357
  80  140  85.7951 104.6664
  80  150  84.9440 104.5627
  80  160  85.3453 104.8233
  80  170  85.9751 104.6142
  80  180  86.1502 104.3946
  80 -180  86.1502 104.3946
  80 -170  85.5308 104.3020
  80 -160  84.2062 103.7295
  80 -150  82.5146 102.4423
  80 -140  80.7006 100.8384
  80 -130  78.9069 99.2623
  80 -120  77.3999 97.6261
  80 -110  76.6536 96.1180
  80 -100  76.8831 94.9358
  80  -90  77.8531 94.4715
  80  -80  79.0131 95.1761
  80  -70  79.7680 96.5676
  80  -60  80.2119 98.3612
  80  -50  80.9431 100.0423
  80  -40  82.0750 101.7916
  80  -30  83.9661 102.7139
  80  -20  85.2846 102.9867
  80  -10  86.1984 102.5146
  90    0  84.9383 101.5523
  90   10  85.2984 101.2504
  90   20  86.3878 100.9731
  90   30  87.7831 100.6368
  90   40  88.3990 100.2573
  90   50  86.4637 101.2679
  90   60  84.2348 102.1557
  90   70  82.9928 103.7853
  90   80  83.9688 105.9261
  90   90  86.5075 108.1569
  90  120  87.9304 105.9298
  90  130  85.9224 104.7361
  90  140  84.2651 103.8143
  90  150  84.8720 104.0020
  90  160  85.1542 104.2911
  90  170  85.9378 103.7229
  90  180  85.7887 103.3066
  90 -180  85.7887 103.3066
  90 -170  84.5414 102.8403
  90 -160  82.6689 101.8652
  90 -150  80.6290 100.0346
  90 -140  78.6157 98.0795
  90 -130  76.7594 96.3108
  90 -120  75.3314 94.6449
  90 -110  74.7030 93.4927
  90 -100  75.0101 92.9762
  90  -90  75.9873 93.3647
  90  -80  77.2381 94.5666
  90  -70  78.4781 96.4699
  90  -60  79.7778 98.6268
  90  -50  81.2747 100.9760
  90  -40  82.9929 102.6112
  90  -30  85.0586 103.3643
  90  -20  86.2935 102.8514
  90  -10  86.3064 102.2457
 100    0  84.7806 101.2789
 100   10  85.1665 101.1751
 100   20  86.2216 101.1632
 100   30  87.0595 101.1595
 100   40  86.8520 100.9307
 100   50  85.6217 101.3623
 100   60  84.3197 102.5536
 100   70  84.7198 104.5677
 100   80  85.8571 107.4122
 100  120  86.6374 105.2031
 100  130  84.5849 104.2028
 100  140  84.3711 103.5285
 100  150  84.5437 103.7668
 100  160  85.4161 103.6225
 100  170  85.7339 102.9812
 100  180  84.6911 102.2721
 100 -180  84.6911 102.2721
 100 -170  82.9441 101.2841
 100 -160  80.8976 99.9125
 100 -150  78.7409 97.7765
 100 -140  76.6647 95.5520
 100 -130  74.8385 93.7343
 100 -120  73.5672 92.3201
 100 -110  73.1785 91.7210
 100 -100  73.7004 91.9243
 100  -90  74.9191 93.0959
 100  -80  76.4948 94.9593
 100  -70  78.3352 97.2270
 100  -60  80.3745 99.8744
 100  -50  82.3221 102.1661
 100  -40  84.4288 102.7010
 100  -30  86.2280 103.2340
 100  -20  86.6872 102.4952
 100  -10  85.9762 101.8525
 110    0  84.5840 101.2727
 110   10  85.1863 101.5189
 110   20  86.0016 101.6081
 110   30  86.1604 101.5659
 110   40  85.4929 101.6035
 110   50  84.4381 102.1815
 110   60  84.2364 103.7007
 110   70  86.2685 106.2911
 110   80  88.1157 108.7126
 110  120  85.1384 104.3442
 110  130  83.3915 103.7635
 110  140  83.8852 103.2911
 110  150  84.5640 103.4992
 110  160  85.0878 103.1900
 110  170  84.2963 102.3108
 110  180  83.0771 101.3011
 110 -180  83.0771 101.3011
 110 -170  81.3962 99.9419
 110 -160  79.3485 98.0791
 110 -150  77.0975 95.8315
 110 -140  74.9914 93.7159
 110 -130  73.3056 92.1031
 110 -120  72.3771 91.1872
 110 -110  72.3547 91.1127
 110 -100  73.2342 92.0781
 110  -90  74.7397 93.9067
 110  -80  76.6115 96.1525
 110  -70  78.7514 98.6167
 110  -60  81.1383 101.1986
 110  -50  83.6776 102.6082
 110  -40  85.8835 103.4425
 110  -30  86.8558 102.6599
 110  -20  86.3953 102.1956
 110  -10  85.2753 101.6732
 120    0  84.4506 101.6532
 120   10  85.0358 101.7876
 120   20  85.2776 101.9642
 120   30  84.8754 102.0414
 120   40  83.9828 102.3057
 120   50  83.6294 103.0673
 120   60  84.9067 105.0469
 120   70  86.6072 107.7437
 120  110  85.7722 104.7581
 120  120  82.7560 103.6183
 120  130  82.8038 102.7495
 120  140  83.3975 103.0740
 120  150  83.1455 103.8774
 120  160  82.6903 103.3421
 120  170  82.4064 102.2763
 120  180  82.1483 100.3763
 120 -180  82.1483 100.3763
 120 -170  80.2795 98.7704
 120 -160  78.0181 96.8136
 120 -150  75.7838 94.7411
 120 -140  73.7929 92.9662
 120 -130  72.4349 91.7780
 120 -120  71.9521 91.3869
 120 -110  72.3839 91.9308
 120 -100  73.6188 93.4021
 120  -90  75.3579 95.4766
 120  -80  77.3694 97.8152
 120  -70  79.5364 100.2111
 120  -60  81.8769 102.1793
 120  -50  84.8357 102.7514
 120  -40  86.6056 103.0059
 120  -30  86.5996 102.7570
 120  -20  85.5414 101.9050
 120  -10  84.3384 101.4157
 130    0  84.1714 101.9447
 130   10  84.1585 102.4743
 130   20  82.9825 103.0035
 130   30  82.2760 103.1405
 130   40  82.8807 103.1311
 130   50  83.5929 104.0536
 130   60  85.7513 106.0835
 130   70  87.5159 108.3402
 130  110  82.5201 103.8249
 130  120  80.8870 103.1593
 130  130  82.4032 102.5251
 130  140  82.0266 103.5104
 130  150  81.1171 104.3535
 130  160  80.8640 103.9743
 130  170  81.3995 102.4485
 130  180  81.0303 99.9150
 130 -180  81.0303 99.9150
 130 -170  79.0854 97.9713
 130 -160  76.9292 96.1822
 130 -150  74.9894 94.5790
 130 -140  73.4339 93.3617
 130 -130  72.5036 92.6202
 130 -120  72.4378 92.8491
 130 -110  73.2787 93.8767
 130 -100  74.7995 95.5444
 130  -90  76.6731 97.4925
 130  -80  78.7275 99.5744
 130  -70  80.8830 101.5512
 130  -60  83.4658 102.5767
 130  -50  85.8772 103.1065
 130  -40  86.5631 103.2317
 130  -30  85.8870 102.3576
 130  -20  84.4413 101.8069
 130  -10  83.9213 101.7099
 140    0  83.2700 102.1785
 140   10  82.2264 102.9244
 140   20  80.0068 104.2432
 140   30  80.1272 104.3482
 140   40  81.8221 104.7645
 140   50  83.6614 105.1149
 140   60  85.4582 106.3882
 140  100  83.7035 104.2186
 140  110  79.9537 103.3467
 140  120  79.3481 102.7976
 140  170  79.3847 103.5378
 140  180  80.3109 99.2778
 140 -180  80.3109 99.2778
 140 -170  78.1208 97.7978
 140 -160  76.5321 96.3761
 140 -150  75.0791 95.2707
 140 -140  73.9626 94.4783
 140 -130  73.4847 94.2793
 140 -120  73.8042 94.7932
 140 -110  74.8843 96.0677
 140 -100  76.5138 97.6847
 140  -90  78.3357 99.4775
 140  -80  80.1910 101.1611
 140  -70  82.0300 102.4552
 140  -60  84.8473 103.1613
 140  -50  86.3047 103.4338
 140  -40  86.2596 102.7507
 140  -30  84.9251 102.0861
 140  -20  83.7523 101.8069
 140  -10  83.5259 102.1574
 150    0  82.6796 105.7946
 150   40  82.0995 106.1361
 150   50  84.2562 104.7857
 150  100  80.4733 103.2588
 150  110  77.8886 102.5715
 150  180  80.6903 98.8394
 150 -180  80.6903 98.8394
 150 -170  79.4520 97.7918
 150 -160  77.1843 96.7227
 150 -150  75.9965 95.9319
 150 -140  75.2351 95.4760
 150 -130  75.0200 96.1886
 150 -120  75.6396 96.8944
 150 -110  76.8540 98.1793
 150 -100  78.3718 99.7025
 150  -90  79.9215 101.1239
 150  -80  81.4416 102.3847
 150  -70  82.6637 103.1410
 150  -60  85.7501 103.3201
 150  -50  86.3336 102.9618
 150  -40  85.4642 102.5235
 150  -30  83.8083 102.6208
 150  -20  83.1016 102.3904
 150  -10  82.7273 102.3502
 160  100  77.8159 102.5465
 160 -150  77.3584 96.7743
 160 -140  76.8529 96.5311
 160 -130  77.0186 97.0107
 160 -120  77.8140 98.8545
 160 -110  79.0236 100.2462
 160 -100  80.4469 101.8509
 160  -90  81.8995 103.1740
 160  -80  82.9503 103.8717
 160  -70  85.2519 104.2471
 160  -60  86.1575 103.9899
 160  -50  85.8827 103.5076
 160  -40  84.3368 103.3880
 160  -30  82.8699 102.7990
 160  -20  82.5323 102.1148
 170 -150  79.1693 96.8889
 170 -140  78.7913 97.3511
 170 -130  79.2402 99.1048
 170 -120  80.2173 100.6582
 170 -110  81.4187 102.3506
 170 -100  82.6210 104.2532
 170  -90  83.2789 105.3467
 170  -80  84.2167 105.7151
 170  -70  85.5493 106.9339
 170  -60  85.9688 106.9083
 170  -50  84.9347 104.0592
 170  -40  82.9782 103.6419
 170  -30  81.7685 102.1913
 180 -150  80.8156 96.8781
 180 -140  80.7961 97.9516
 180 -130  81.6876 100.6831
 180 -120  82.6961 103.0921
 180 -110  83.8434 105.3058
 180 -100  83.9503 106.9834
 180  -90  84.3557 108.4791
 180  -80  84.2361 109.1557
 180  -70  84.0014 108.3927
 180  -60  85.4041 108.2542
 180  -50  83.2160 106.5463
 180  -40  81.3265 104.1940
-180 -150  80.8156 96.8781
-180 -140  80.7961 97.9516
-180 -130  81.6876 100.6831
-180 -120  82.6961 103.0921
-180 -110  83.8434 105.3058
-180 -100  83.9503 106.9834
-180  -90  84.3557 108.4791
-180  -80  84.2361 109.1557
-180  -70  84.0014 108.3927
-180  -60  85.4041 108.2542
-180  -50  83.2160 106.5463
-180  -40  81.3265 104.1940
-170 -150  82.4147 97.4680
-170 -140  83.3345 100.6699
-170 -130  83.7021 102.6076
-170 -120  84.6869 105.9443
-170 -110  85.3282 109.0220
-170 -100  85.2825 110.7678
-170  -90  85.1276 111.3981
-170  -80  84.6882 110.4991
-170  -70  83.8189 108.5166
-170  -60  83.9168 106.5516
-170  -50  81.4408 103.4135
-160 -160  83.7360 97.1807
-160 -150  84.3266 99.6314
-160 -140  85.1620 103.0357
-160 -130  85.9539 107.1058
-160 -120  86.3234 110.6745
-160 -110  86.0647 112.8628
-160 -100  85.6961 112.9835
-160  -90  85.1158 111.8107
-160  -80  84.3273 109.1618
-160  -70  83.7226 106.0622
-160  -60  81.8176 102.1515
-150 -170  83.9326 97.0791
-150 -160  84.9469 100.5877
-150 -150  85.8041 104.4451
-150 -140  86.1494 107.8199
-150 -130  86.7840 112.1664
-150 -110  85.5808 113.6721
-150 -100  85.0418 111.8009
-150  -90  84.4197 109.0417
-150  -80  83.9192 105.8773
-150  -70  82.1250 101.8999
-140 -120  85.3140 113.9219
-140 -110  84.5525 111.2916
-140 -100  84.0714 108.4490
-140  -90  83.6954 106.2799
-140  -80  82.4909 103.5347
-130 -140  85.3541 113.5486
-130 -130  84.6794 112.4295
-130 -120  83.9121 110.6529
-130 -110  83.5462 108.3860
-130 -100  83.5600 107.5280
-130  -90  82.9593 107.5967
-120 -150  84.4570 111.4026
-120 -140  83.9267 110.2594
-120 -130  83.4151 109.2371
-120 -120  83.2484 108.4557
-120 -110  83.1099 109.6418
-120 -100  83.3158 111.3235
-110 -150  83.4413 107.6576
-110 -140  83.1402 107.9467
-110 -130  83.0356 108.8160
-110 -120  83.0303 110.6673
-110 -110  83.6145 111.3251
-100 -160  83.2973 104.5221
-100 -150  83.3018 107.3718
-100 -140  83.2212 109.5099
-100 -130  83.4214 111.1522
-100 -120  83.5652 110.4076
-100 -110  83.8981 108.9004
 -90 -160  83.5387 108.3411
 -90 -150  83.9452 111.2596
 -90 -140  84.2128 111.7476
 -90 -130  84.0502 110.6855
 -90 -120  83.7651 107.1988
 -90 -110  83.2607 104.3272
 -80 -140  84.1972 111.0006
 -80 -120  82.6120 103.2848
 -80 -110  83.1662 105.6039
 -80 -100  83.3382 106.0174
 -70 -140  82.5737 104.7170
 -70 -130  83.0584 111.0147
 -70 -120  83.3869 109.4067
 -70 -110  83.2894 108.6762
 -70 -100  83.4906 109.9260
 -60 -150  82.1247 107.8440
 -60 -140  83.1673 108.9216
 -60 -130  83.8251 109.9058
 -60 -120  84.0362 109.5188
 -60 -110  84.4813 111.5404
 -60 -100  84.5977 116.4892
 -50 -150  83.2304 105.1115
 -50 -140  84.0869 107.3277
 -50 -130  84.5067 108.1381
 -50 -120  85.3153 110.9457
 -50 -110  85.7870 115.8510
 -40 -160  82.9763 99.9716
 -40 -150  84.1448 104.0593
 -40 -140  85.0209 106.9314
 -40 -130  85.9344 109.6244
 -40 -120  88.3235 115.3571
 -30 -170  82.3735 96.1212
 -30 -160  84.1625 101.3972
 -30 -150  85.5202 105.2965
 -30 -140  86.8394 109.0018
 -20  180  81.2410 93.5513
 -20 -180  81.2410 93.5513
 -20 -170  83.6819 99.3871
 -20 -160  85.5981 104.2559
 -20 -150  87.5863 108.6280
 -20 -140  89.7312 112.1917
 -10  170  79.6264 92.3390
 -10  180  82.7120 98.4582
 -10 -180  82.7120 98.4582
 -10 -170  85.1196 104.0776
 -10 -160  87.2322 108.1638
 -10 -150  89.0489 110.8033
 -10 -140  90.0965 112.4539
 -10 -130  89.8805 114.0686
 -10 -120  88.9118 115.7110
 -10 -110  88.4651 116.1869
 -10 -100  87.0329 115.0852
