   0   50   60  77.9133 105.5708
   0   60   60  80.4880 110.9816
   0   70   60  82.0233 115.6282
   0   70  -60  81.0430 122.4349
   0   80   60  83.1707 120.2554
   0   80  180  77.9224 129.1722
   0   80  -60  82.1553 129.2412
   0   90   60  84.0731 124.8473
   0   90  180  81.8981 134.7815
   0   90  -60  83.1221 134.8736
   0  100   60  85.0154 113.5990
   0  100  180  84.6064 112.1243
   0  100  -60  83.4762 119.8200
   0  110   60  84.5050 109.7753
   0  110  180  84.6027 108.0590
   0  110  -60  83.1842 115.5481
   0  120   60  83.9856 107.5072
   0  120  180  84.5157 105.3840
   0  120  -60  82.9761 113.0297
   0  130   60  83.2723 106.3721
   0  130  180  84.0802 104.1171
   0  130  -60  82.5424 111.8145
   0  140   60  82.6698 105.5338
   0  140  180  83.5587 103.3847
   0  140  -60  82.1271 111.2637
   0  150   60  82.2027 105.2127
   0  150  180  83.1138 103.5328
   0  150  -60  81.8887 111.4844
   0  160   60  81.9250 106.0346
   0  160  180  82.8091 105.1208
   0  160  -60  81.8818 112.7934
   0  170   60  81.7553 107.5373
   0  170  180  82.6333 107.4157
   0  170  -60  81.9245 114.4949
   0  180   60  81.7826 109.9040
   0  180  180  82.6896 110.6270
   0  180  -60  82.0619 116.6656
   0 -180   60  81.7826 109.9040
   0 -180  180  82.6896 110.6270
   0 -180  -60  82.0619 116.6656
   0 -170   60  82.2147 113.1786
   0 -170  180  83.1424 114.5121
   0 -170  -60  82.9167 121.6192
   0 -160   60  84.6922 132.9572
   0 -160  180  85.3553 123.4554
   0 -160  -60  85.0376 128.4076
   0 -150   60  84.7169 129.9106
   0 -150  180  85.2885 121.3983
   0 -150  -60  85.3848 126.3831
   0 -140   60  84.5455 127.5751
   0 -140  180  84.9888 119.4870
   0 -140  -60  85.7854 124.4798
   0 -130   60  84.4813 125.3663
   0 -130  180  84.4942 117.7477
   0 -130  -60  85.6837 121.6898
   0 -120   60  84.0528 123.3794
   0 -120  180  84.0478 116.4206
   0 -120  -60  85.3145 118.7488
   0 -110   60  83.8486 121.4563
   0 -110  180  83.5671 115.4436
   0 -100   60  83.0978 119.3916
   0 -100  180  83.1453 114.4416
   0  -90  180  83.0253 113.7536
  10   50   60  80.7466 111.3027
  10   60   60  82.3811 115.1908
  10   60  -60  80.0350 120.4556
  10   70   60  83.5369 118.3800
  10   70  180  74.5859 125.2316
  10   70  -60  81.6473 125.8756
  10   80   60  84.6642 117.4481
  10   80  180  80.9536 119.8846
  10   80  -60  82.7089 124.9881
  10   90   60  84.6730 113.9046
  10   90  180  83.1435 114.1406
  10   90  -60  82.6641 121.7681
  10  100   60  84.4064 111.9862
  10  100  180  83.8239 111.2885
  10  100  -60  82.7023 118.7586
  10  110   60  83.9943 110.8818
  10  110  180  83.9233 109.7139
  10  110  -60  82.5982 117.1689
  10  120   60  83.3889 110.3674
  10  120  180  83.6503 108.8865
  10  120  -60  82.2654 116.3515
  10  130   60  82.7496 110.0691
  10  130  180  83.1965 108.4168
  10  130  -60  81.8006 116.1347
  10  140   60  82.1742 109.8983
  10  140  180  82.7408 108.4143
  10  140  -60  81.3962 116.2370
  10  150   60  81.8069 110.3728
  10  150  180  82.4531 109.3352
  10  150  -60  81.3893 117.2248
  10  160   60  81.6013 111.9299
  10  160  180  82.2887 111.4522
  10  160  -60  81.5015 118.9627
  10  170   60  81.6027 114.5040
  10  170  180  82.2791 114.3935
  10  170  -60  81.6999 121.1869
  10  180   60  82.8221 124.5642
  10  180  180  83.5223 116.0563
  10  180  -60  82.9346 123.2074
  10 -180   60  82.8221 124.5642
  10 -180  180  83.5223 116.0563
  10 -180  -60  82.9346 123.2074
  10 -170   60  83.5320 125.1154
  10 -170  180  84.1741 117.0409
  10 -170  -60  83.6474 123.3333
  10 -160   60  83.9627 124.3520
  10 -160  180  84.5524 116.7301
  10 -160  -60  84.3872 123.3701
  10 -150   60  84.2595 124.0230
  10 -150  180  84.6167 116.8472
  10 -150  -60  84.8515 122.9097
  10 -140   60  84.4603 123.8669
  10 -140  180  84.3534 116.9310
  10 -140  -60  84.8887 121.8425
  10 -130   60  83.9900 123.5415
  10 -130  180  83.9689 116.9787
  10 -130  -60  84.6496 120.7393
  10 -120   60  83.7873 122.7828
  10 -120  180  83.5566 117.1146
  10 -110   60  83.2359 121.7869
  10 -110  180  82.7921 116.7884
  10 -100  180  81.9536 116.5930
  20   40   60  80.9952 111.7293
  20   50   60  82.7512 114.0366
  20   50  -60  83.3318 116.4028
  20   60   60  83.7369 115.0683
  20   60  -60  80.9612 121.0208
  20   70   60  84.3566 114.8495
  20   70  -60  80.7453 122.0875
  20   80   60  84.5395 114.2863
  20   80  180  81.8004 115.7354
  20   80  -60  81.5747 121.7570
  20   90   60  84.4790 113.9828
  20   90  180  83.1727 114.7169
  20   90  -60  81.9423 121.0926
  20  100   60  84.1606 114.0537
  20  100  180  83.3840 114.0732
  20  100  -60  82.0452 120.6637
  20  110   60  83.5923 114.3181
  20  110  180  83.1636 113.4520
  20  110  -60  81.8914 120.5450
  20  120   60  82.8813 114.4640
  20  120  180  82.7422 113.2203
  20  120  -60  81.4625 120.4789
  20  130   60  82.1576 114.4649
  20  130  180  82.1928 112.8187
  20  130  -60  80.9222 120.3145
  20  140   60  81.5381 114.4029
  20  140  180  81.7075 112.5855
  20  140  -60  80.5813 120.1153
  20  150   60  81.2105 114.9151
  20  150  180  81.5197 112.9460
  20  150  -60  80.6118 120.4647
  20  160   60  81.2015 116.6011
  20  160  180  81.6584 113.9076
  20  160  -60  80.9481 121.1320
  20  170   60  81.5828 118.6641
  20  170  180  82.1071 113.5087
  20  170  -60  81.5691 120.6345
  20  180   60  82.2141 119.4895
  20  180  180  82.7364 113.7438
  20  180  -60  82.2681 120.4422
  20 -180   60  82.2141 119.4895
  20 -180  180  82.7364 113.7438
  20 -180  -60  82.2681 120.4422
  20 -170   60  82.8968 119.8239
  20 -170  180  83.3909 114.0502
  20 -170  -60  82.9305 120.5122
  20 -160   60  83.5406 120.6958
  20 -160  180  83.8825 114.9237
  20 -160  -60  83.1561 120.7859
  20 -150   60  84.0553 121.5404
  20 -150  180  84.0179 115.9316
  20 -150  -60  83.2372 121.3393
  20 -140   60  83.8215 122.5906
  20 -140  180  83.8485 116.9262
  20 -140  -60  83.0114 122.5183
  20 -130   60  83.6807 123.0391
  20 -130  180  83.4309 117.8680
  20 -130  -60  82.7193 122.3615
  20 -120   60  83.0558 122.8437
  20 -120  180  82.9319 118.0864
  20 -110   60  82.2337 122.2289
  20 -110  180  81.7536 117.6923
  20 -100  180  80.5824 117.2063
  30   30   60  81.0034 113.0249
  30   40   60  82.9119 114.1469
  30   50   60  83.8908 114.4810
  30   50  -60  81.6003 119.1713
  30   60   60  84.3499 114.5886
  30   60  -60  81.9809 120.8718
  30   70   60  84.4655 114.7231
  30   70  -60  80.0067 121.7991
  30   80   60  84.5117 115.2115
  30   80  180  82.6524 116.4771
  30   80  -60  80.8470 122.2458
  30   90   60  84.3533 116.0165
  30   90  180  83.0827 116.6538
  30   90  -60  81.1776 122.6580
  30  100   60  83.9089 116.7888
  30  100  180  82.6883 116.7672
  30  100  -60  81.2302 123.0515
  30  110   60  83.1734 117.2572
  30  110  180  82.2586 116.3284
  30  110  -60  80.9619 123.2429
  30  120   60  82.2493 117.3371
  30  120  180  81.6514 115.8054
  30  120  -60  80.4861 122.8477
  30  130   60  81.3427 116.8624
  30  130  180  80.9870 114.7771
  30  130  -60  80.0001 121.9066
  30  140   60  80.7375 116.3376
  30  140  180  80.5068 113.7848
  30  140  -60  79.7462 120.9749
  30  150   60  80.4934 116.0214
  30  150  180  80.4264 112.9917
  30  150  -60  79.8326 120.1352
  30  160   60  80.5509 116.0135
  30  160  180  80.6831 112.4780
  30  160  -60  80.2412 119.4820
  30  170   60  80.9041 116.3527
  30  170  180  81.2137 112.3753
  30  170  -60  80.9001 119.1898
  30  180   60  81.5230 116.9931
  30  180  180  81.9198 112.7844
  30  180  -60  81.6244 119.3417
  30 -180   60  81.5230 116.9931
  30 -180  180  81.9198 112.7844
  30 -180  -60  81.6244 119.3417
  30 -170   60  82.2944 117.9348
  30 -170  180  82.6382 113.7134
  30 -170  -60  82.2078 120.0326
  30 -160   60  83.0011 119.1062
  30 -160  180  83.1451 114.8807
  30 -160  -60  82.5993 120.9215
  30 -150   60  83.3025 120.6691
  30 -150  180  83.3725 116.3753
  30 -150  -60  82.7452 122.2254
  30 -140   60  83.2033 121.9182
  30 -140  180  83.2034 117.5891
  30 -140  -60  82.6115 123.2982
  30 -130   60  82.8661 122.2066
  30 -130  180  82.7035 118.2660
  30 -130  -60  82.4884 123.7674
  30 -120   60  82.2181 121.5577
  30 -120  180  81.2300 117.9315
  30 -110  180  80.5613 116.8795
  30 -100  180  80.2252 115.0563
  40   20   60  80.9373 113.8554
  40   30   60  82.9592 114.7548
  40   40   60  83.9502 114.9509
  40   40  -60  80.8324 118.5102
  40   50   60  84.3005 114.9746
  40   50  -60  81.1754 120.5259
  40   60   60  84.4366 115.2547
  40   60  -60  81.3295 121.5914
  40   70   60  84.4295 115.7885
  40   70  -60  79.4062 122.5379
  40   80   60  84.3285 116.6401
  40   80  -60  80.0262 123.2073
  40   90   60  83.9871 117.6332
  40   90  180  82.3805 118.0417
  40   90  -60  80.3173 123.9486
  40  100   60  83.3357 118.3559
  40  100  180  81.5900 118.0667
  40  100  -60  80.2857 124.3791
  40  110   60  82.3424 118.3798
  40  110  180  81.0321 117.0636
  40  110  -60  79.9758 123.8363
  40  120   60  81.1933 117.8206
  40  120  180  80.2611 115.8792
  40  120  -60  79.4847 122.5743
  40  130   60  80.2108 116.7834
  40  130  180  79.5915 114.2706
  40  130  -60  79.0733 121.0900
  40  140   60  79.6462 115.7151
  40  140  180  79.2133 112.7386
  40  140  -60  78.8717 119.6450
  40  150   60  79.4710 114.9533
  40  150  180  79.2334 111.7310
  40  150  -60  78.9657 118.5920
  40  160   60  79.5804 114.7060
  40  160  180  79.5897 111.2969
  40  160  -60  79.3602 118.1687
  40  170   60  79.9708 114.9030
  40  170  180  80.1953 111.5573
  40  170  -60  79.9935 118.3705
  40  180   60  80.6500 115.6207
  40  180  180  80.9776 112.3655
  40  180  -60  80.8048 119.0543
  40 -180   60  80.6500 115.6207
  40 -180  180  80.9776 112.3655
  40 -180  -60  80.8048 119.0543
  40 -170   60  81.4261 116.7865
  40 -170  180  81.7078 113.6491
  40 -170  -60  81.6147 120.1872
  40 -160   60  82.2160 118.3441
  40 -160  180  82.2459 115.1779
  40 -160  -60  82.0519 121.6104
  40 -150   60  82.4814 119.7805
  40 -150  180  82.4706 116.4903
  40 -150  -60  82.2561 122.8027
  40 -140   60  82.3876 120.7042
  40 -140  180  82.1725 117.4049
  40 -140  -60  81.8672 123.7407
  40 -130   60  81.6602 120.4922
  40 -130  180  81.4412 117.3837
  40 -130  -60  81.2974 123.9876
  40 -120   60  80.7968 119.3429
  40 -120  180  80.6554 116.5569
  40 -110  180  79.8283 114.7891
  40 -100  180  79.1229 112.7051
  40  -90  180  78.4297 110.5621
  50    0   60  79.2073 113.3054
  50   10   60  81.1094 114.3285
  50   20   60  82.8462 115.3017
  50   30   60  83.8506 115.4205
  50   30  -60  80.6505 118.1807
  50   40   60  84.0952 115.4410
  50   40  -60  80.4693 120.1458
  50   50   60  84.3044 115.6507
  50   50  -60  80.8273 121.3775
  50   60   60  84.4094 116.0564
  50   60  -60  80.5024 122.3556
  50   70   60  84.3475 116.8141
  50   70  -60  79.2328 123.4393
  50   80   60  83.9549 117.6148
  50   80  -60  79.6543 124.1164
  50   90   60  83.2245 118.1876
  50   90  180  81.2616 118.2691
  50   90  -60  79.6820 124.4825
  50  100   60  82.2642 118.3121
  50  100  180  80.5619 117.3603
  50  100  -60  79.4097 124.0631
  50  110   60  81.0705 117.7811
  50  110  180  79.4846 116.1251
  50  110  -60  78.9711 122.7284
  50  120   60  79.8083 116.5746
  50  120  180  78.6602 114.2661
  50  120  -60  78.4063 120.9358
  50  130   60  78.7573 115.1521
  50  130  180  78.0525 112.4110
  50  130  -60  77.9125 119.2397
  50  140   60  78.1621 114.0336
  50  140  180  77.7498 111.0110
  50  140  -60  77.6963 117.9025
  50  150   60  78.0113 113.3421
  50  150  180  77.8219 110.1966
  50  150  -60  77.8055 117.0926
  50  160   60  78.2267 113.1957
  50  160  180  78.2583 110.1004
  50  160  -60  78.2151 117.0524
  50  170   60  78.7736 113.5773
  50  170  180  79.0006 110.7425
  50  170  -60  78.9769 117.5682
  50  180   60  79.5667 114.5803
  50  180  180  79.8652 111.8963
  50  180  -60  79.8419 118.4040
  50 -180   60  79.5667 114.5803
  50 -180  180  79.8652 111.8963
  50 -180  -60  79.8419 118.4040
  50 -170   60  80.4682 116.0008
  50 -170  180  80.6455 113.4546
  50 -170  -60  80.7355 120.1141
  50 -160   60  81.0820 117.3718
  50 -160  180  81.1825 114.8519
  50 -160  -60  81.3253 121.3056
  50 -150   60  81.4842 118.4323
  50 -150  180  81.3244 115.9056
  50 -150  -60  81.5666 122.1015
  50 -140   60  81.4169 118.7762
  50 -140  180  80.9453 116.0969
  50 -140  -60  81.2029 122.2427
  50 -130   60  80.7642 117.8917
  50 -130  180  80.1851 115.5142
  50 -130  -60  80.2442 122.2613
  50 -120   60  79.7029 116.1290
  50 -120  180  79.3637 113.9651
  50 -110   60  78.5125 114.3226
  50 -110  180  78.4585 112.0131
  50 -100  180  77.7725 110.2034
  50  -90  180  76.9136 109.0018
  50  -80  180  76.9517 107.9696
  50  -70  180  77.3093 107.3856
  50  -30   60  75.1215 112.0963
  50  -20   60  76.0759 112.3749
  50  -10   60  77.3774 112.7381
  60    0   60  82.0911 114.8006
  60   10   60  83.1854 115.4394
  60   20   60  83.8752 115.5169
  60   20  -60  81.2592 118.3770
  60   30   60  84.0077 115.6197
  60   30  -60  80.1005 119.6778
  60   40   60  83.9998 115.7732
  60   40  -60  80.4599 120.8567
  60   50   60  84.1943 116.0437
  60   50  -60  80.9642 121.8973
  60   60   60  84.3156 116.5003
  60   60  -60  80.1083 123.0793
  60   70   60  83.9799 116.9662
  60   70  -60  79.7395 123.9671
  60   80   60  83.2310 117.3246
  60   80  180  79.7554 117.9467
  60   80  -60  79.5997 124.0915
  60   90   60  82.2325 117.3404
  60   90  180  79.5614 117.1274
  60   90  -60  79.1378 123.5171
  60  100   60  81.0174 116.7369
  60  100  180  79.0355 115.5398
  60  100  -60  78.5370 122.2604
  60  110   60  79.6012 115.6626
  60  110  180  77.8827 113.8193
  60  110  -60  77.8031 120.5305
  60  120   60  78.1648 114.2418
  60  120  180  77.0056 111.8707
  60  120  -60  77.0533 118.6325
  60  130   60  76.9918 112.8409
  60  130  180  76.3174 110.1028
  60  130  -60  76.4402 117.0017
  60  140   60  76.3392 111.8631
  60  140  180  75.9581 108.8997
  60  140  -60  76.1744 115.6760
  60  150   60  76.2598 111.4289
  60  150  180  76.0842 108.4028
  60  150  -60  76.3459 115.2597
  60  160   60  76.6678 111.5663
  60  160  180  76.7008 108.7169
  60  160  -60  76.9340 115.6250
  60  170   60  77.4288 112.2631
  60  170  180  77.6319 109.6804
  60  170  -60  77.8438 116.3299
  60  180   60  78.4283 113.3649
  60  180  180  78.6494 111.0480
  60  180  -60  78.8825 117.7815
  60 -180   60  78.4283 113.3649
  60 -180  180  78.6494 111.0480
  60 -180  -60  78.8825 117.7815
  60 -170   60  79.3296 114.7465
  60 -170  180  79.5106 112.5606
  60 -170  -60  79.7324 119.1758
  60 -160   60  80.0154 115.7301
  60 -160  180  80.0661 113.6692
  60 -160  -60  80.3486 119.9053
  60 -150   60  80.3478 116.3516
  60 -150  180  80.1147 114.2421
  60 -150  -60  80.5445 120.3089
  60 -140   60  80.0738 116.1076
  60 -140  180  79.6215 113.9878
  60 -140  -60  80.6713 119.2793
  60 -130   60  79.2362 114.8553
  60 -130  180  78.6703 112.7504
  60 -130  -60  79.2940 116.9371
  60 -120   60  78.1740 113.0204
  60 -120  180  77.5052 110.9253
  60 -120  -60  77.9129 113.1373
  60 -110   60  77.3112 111.2554
  60 -110  180  76.4190 109.1823
  60 -100   60  77.0198 109.9245
  60 -100  180  75.4518 107.9768
  60  -90   60  78.1868 108.8346
  60  -90  180  75.0862 106.7160
  60  -80   60  80.5853 107.0385
  60  -80  180  75.5112 106.2104
  60  -70  180  77.6944 106.1085
  60  -40   60  76.3753 111.9606
  60  -30   60  77.3352 113.5079
  60  -20   60  79.1353 114.2406
  60  -10   60  80.8891 114.4851
  70    0   60  83.8847 115.2957
  70   10   60  84.2570 115.2382
  70   20   60  83.8457 115.2773
  70   20  -60  80.5860 119.5018
  70   30   60  83.5780 115.5782
  70   30  -60  80.1997 120.2237
  70   40   60  83.7582 115.7780
  70   40  -60  81.1034 121.1413
  70   50   60  84.1276 116.1268
  70   50  -60  81.5950 122.3848
  70   60   60  84.0029 116.2253
  70   60  -60  80.6693 123.6102
  70   70   60  83.2707 116.2450
  70   70  -60  80.3905 123.8001
  70   80   60  82.2240 116.1299
  70   80  180  79.3004 116.3384
  70   80  -60  79.5281 122.8873
  70   90   60  80.9194 115.5454
  70   90  180  77.9126 115.1103
  70   90  -60  78.4627 121.6224
  70  100   60  79.4279 114.5024
  70  100  180  77.6034 113.2240
  70  100  -60  77.4053 119.9474
  70  110   60  77.7642 113.0696
  70  110  180  76.2085 111.2329
  70  110  -60  76.3317 117.8657
  70  120   60  76.1167 111.5518
  70  120  180  75.0099 109.2298
  70  120  -60  75.3476 115.9262
  70  130   60  74.8244 110.2906
  70  130  180  74.1228 107.6028
  70  130  -60  74.6074 114.2828
  70  140   60  74.1862 109.5277
  70  140  180  73.8152 106.5917
  70  140  -60  74.3423 113.3742
  70  150   60  74.2764 109.4013
  70  150  180  74.1943 106.4674
  70  150  -60  74.6609 113.3509
  70  160   60  75.0086 109.8320
  70  160  180  75.0991 107.0714
  70  160  -60  75.5380 113.9245
  70  170   60  76.0874 110.7023
  70  170  180  76.3014 108.2116
  70  170  -60  76.6848 114.8984
  70  180   60  77.0688 112.1924
  70  180  180  77.4843 109.7430
  70  180  -60  77.8278 116.4356
  70 -180   60  77.0688 112.1924
  70 -180  180  77.4843 109.7430
  70 -180  -60  77.8278 116.4356
  70 -170   60  78.1493 113.1077
  70 -170  180  78.3890 111.1075
  70 -170  -60  78.7120 117.5182
  70 -160   60  78.8307 113.7808
  70 -160  180  78.8882 111.8418
  70 -160  -60  79.2440 118.0389
  70 -150   60  78.9560 113.8828
  70 -150  180  78.8272 111.9905
  70 -150  -60  79.3121 117.8893
  70 -140   60  78.3621 113.0646
  70 -140  180  78.0704 111.2095
  70 -140  -60  79.2494 116.6046
  70 -130   60  77.2913 111.6627
  70 -130  180  76.7511 109.7484
  70 -130  -60  77.7104 114.2671
  70 -120   60  76.1076 109.8183
  70 -120  180  75.3163 107.8673
  70 -120  -60  76.2195 111.5190
  70 -110   60  75.2492 108.1905
  70 -110  180  74.1639 106.2596
  70 -100   60  75.1611 106.9751
  70 -100  180  73.2624 105.2052
  70  -90   60  75.8980 106.1451
  70  -90  180  73.3034 104.5422
  70  -80   60  77.2815 105.9389
  70  -80  180  73.7949 104.7257
  70  -70   60  77.8850 106.9006
  70  -70  180  73.8457 107.9952
  70  -60   60  76.9154 108.7517
  70  -50   60  76.5568 110.5485
  70  -40   60  77.7805 112.4277
  70  -30   60  79.7833 114.4791
  70  -20   60  81.9527 115.5862
  70  -10   60  83.4471 115.1801
  80    0   60  84.9201 114.9614
  80   10   60  83.8336 114.6877
  80   20   60  83.1023 114.8803
  80   20  -60  80.4718 119.8230
  80   30   60  83.1716 115.3369
  80   30  -60  81.0265 120.3372
  80   40   60  83.7187 115.5674
  80   40  -60  82.3421 121.2832
  80   50   60  83.8815 115.5876
  80   50  -60  82.4819 122.6124
  80   60   60  83.3386 115.4132
  80   60  -60  81.8786 123.4281
  80   70   60  82.3233 115.0730
  80   70  -60  80.7694 122.5683
  80   80   60  80.9130 114.4277
  80   80  180  77.6265 114.6337
  80   80  -60  79.1683 121.0429
  80   90   60  79.2689 113.4270
  80   90  180  77.9017 112.8160
  80   90  -60  77.5494 119.4471
  80  100   60  77.4567 112.0543
  80  100  180  75.8452 110.8880
  80  100  -60  76.0332 117.2776
  80  110   60  75.5318 110.4342
  80  110  180  74.0441 108.6228
  80  110  -60  74.6103 115.1133
  80  120   60  73.7483 108.9364
  80  120  180  72.6336 106.6880
  80  120  -60  73.3675 113.2549
  80  130   60  72.4267 107.7645
  80  130  180  71.7954 105.1251
  80  130  -60  72.6167 111.8200
  80  140   60  71.9189 107.2722
  80  140  180  71.7171 104.3163
  80  140  -60  72.4251 111.1480
  80  150   60  72.3032 107.4514
  80  150  180  72.4368 104.5385
  80  150  -60  73.0290 111.3996
  80  160   60  73.4223 108.1999
  80  160  180  73.7296 105.5255
  80  160  -60  74.2728 112.1706
  80  170   60  74.7679 109.5052
  80  170  180  75.2426 106.8771
  80  170  -60  75.6465 113.4952
  80  180   60  75.9554 110.5863
  80  180  180  76.5185 108.3460
  80  180  -60  76.8786 114.9589
  80 -180   60  75.9554 110.5863
  80 -180  180  76.5185 108.3460
  80 -180  -60  76.8786 114.9589
  80 -170   60  77.0411 111.4664
  80 -170  180  77.3536 109.4723
  80 -170  -60  77.7628 115.7979
  80 -160   60  77.6226 111.8033
  80 -160  180  77.6748 109.8568
  80 -160  -60  78.1187 115.9468
  80 -150   60  77.4575 111.3640
  80 -150  180  77.2888 109.5294
  80 -150  -60  77.8187 115.4173
  80 -140   60  76.5599 110.1562
  80 -140  180  76.1182 108.4547
  80 -140  -60  77.0246 113.9641
  80 -130   60  75.1699 108.4614
  80 -130  180  74.4463 106.7530
  80 -130  -60  75.5507 111.8025
  80 -120   60  73.7715 106.6245
  80 -120  180  72.8283 104.9121
  80 -120  -60  74.1288 109.8000
  80 -110   60  72.8775 105.2770
  80 -110  180  71.6433 103.6286
  80 -110  -60  73.7231 108.4422
  80 -100   60  72.6327 104.6014
  80 -100  180  71.2537 102.9206
  80 -100  -60  74.6088 107.3632
  80  -90   60  73.4869 104.6464
  80  -90  180  71.7400 102.9776
  80  -80   60  74.6402 105.3962
  80  -80  180  72.8542 103.7169
  80  -70   60  75.2304 107.0214
  80  -70  180  75.0418 105.6367
  80  -60   60  75.8774 109.3969
  80  -50   60  77.2405 111.2642
  80  -40   60  79.5960 113.3104
  80  -30   60  82.3710 115.3841
  80  -20   60  84.6697 115.6105
  80  -10   60  85.0523 115.2721
  90    0   60  84.1420 114.1801
  90   10   60  82.8047 114.0374
  90   20   60  82.5368 114.4821
  90   20  -60  80.8638 119.4856
  90   30   60  83.0343 114.9323
  90   30  -60  82.5011 120.1060
  90   40   60  83.3979 115.0090
  90   40  -60  83.8289 121.3137
  90   50   60  83.1448 114.7224
  90   50  -60  83.7183 122.4614
  90   60   60  82.3689 114.1779
  90   60  -60  82.4932 122.1733
  90   70   60  80.9930 113.4079
  90   70  -60  80.6001 120.6359
  90   80   60  79.2469 112.4537
  90   80  180  75.6270 112.7666
  90   80  -60  78.3844 118.8969
  90   90   60  77.2975 111.1135
  90   90  180  75.9196 110.6113
  90   90  -60  76.3371 116.9632
  90  100   60  75.2791 109.5403
  90  100  180  73.6981 108.3702
  90  100  -60  74.4401 114.5912
  90  110   60  73.2506 107.7946
  90  110  180  71.8452 106.0642
  90  110  -60  72.7089 112.5165
  90  120   60  71.4475 106.3823
  90  120  180  70.4673 104.2000
  90  120  -60  71.3727 110.7250
  90  130   60  70.2658 105.5059
  90  130  180  69.7489 102.8945
  90  130  -60  70.6996 109.4252
  90  140   60  70.0851 105.3553
  90  140  180  69.9671 102.4111
  90  140  -60  70.8004 109.2062
  90  150   60  70.8747 105.9132
  90  150  180  71.1051 103.0227
  90  150  -60  71.8133 109.7263
  90  160   60  72.2820 107.0092
  90  160  180  72.7815 104.2966
  90  160  -60  73.3703 110.7427
  90  170   60  73.8856 108.3004
  90  170  180  74.5078 105.7974
  90  170  -60  74.9415 112.3853
  90  180   60  75.2698 109.3400
  90  180  180  75.7931 107.1156
  90  180  -60  76.1865 113.6137
  90 -180   60  75.2698 109.3400
  90 -180  180  75.7931 107.1156
  90 -180  -60  76.1865 113.6137
  90 -170   60  76.2566 109.9593
  90 -170  180  76.4834 107.9000
  90 -170  -60  76.9188 114.1268
  90 -160   60  76.5621 109.8595
  90 -160  180  76.4679 107.9852
  90 -160  -60  76.9266 114.0285
  90 -150   60  76.0125 108.9190
  90 -150  180  75.6120 107.2535
  90 -150  -60  76.2382 113.1982
  90 -140   60  74.7065 107.3536
  90 -140  180  74.0020 105.8967
  90 -140  -60  74.9549 111.5955
  90 -130   60  72.9924 105.5230
  90 -130  180  72.0458 104.0932
  90 -130  -60  73.2171 109.5165
  90 -120   60  71.4484 103.9159
  90 -120  180  70.3496 102.4925
  90 -120  -60  71.8758 107.8873
  90 -110   60  70.6067 103.1010
  90 -110  180  69.4394 101.4070
  90 -110  -60  71.6766 106.8733
  90 -100   60  70.7109 103.1399
  90 -100  180  69.5390 101.4215
  90 -100  -60  72.8480 106.2478
  90  -90   60  71.6298 103.9158
  90  -90  180  70.3303 101.9780
  90  -80   60  72.8636 105.5072
  90  -80  180  71.8673 103.2780
  90  -70   60  74.2445 107.7936
  90  -70  180  73.8868 105.0266
  90  -60   60  76.0346 110.2233
  90  -60  180  76.8351 107.2455
  90  -50   60  78.3595 112.2224
  90  -50  180  81.3844 109.9342
  90  -40   60  81.1981 114.3193
  90  -30   60  84.9277 115.8126
  90  -20   60  86.2481 115.5058
  90  -10   60  85.8150 114.9699
 100    0   60  82.8128 113.3857
 100   10   60  81.8786 113.4848
 100   10  -60  80.9217 118.7681
 100   20   60  82.0264 114.0820
 100   20  -60  82.1628 118.8984
 100   30   60  82.4975 114.4293
 100   30  -60  84.4893 120.0094
 100   40   60  82.7612 114.2735
 100   40  -60  84.9513 121.3688
 100   50   60  82.3775 113.6768
 100   50  -60  84.2286 121.7689
 100   60   60  81.2225 112.8826
 100   60  -60  81.8646 120.5381
 100   70   60  79.4852 111.8793
 100   70  180  73.8974 113.1149
 100   70  -60  79.2126 118.6364
 100   80   60  77.4725 110.6185
 100   80  180  73.6888 111.0398
 100   80  -60  76.8561 116.6785
 100   90   60  75.4335 109.1067
 100   90  180  74.0920 108.6235
 100   90  -60  74.9546 114.4524
 100  100   60  73.2537 107.3247
 100  100  180  71.9451 106.1272
 100  100  -60  72.8386 112.2189
 100  110   60  71.1105 105.6667
 100  110  180  70.1196 103.8895
 100  110  -60  70.9335 110.1487
 100  120   60  69.3891 104.4096
 100  120  180  68.7303 102.2382
 100  120  -60  69.6076 108.5486
 100  130   60  68.5391 103.8777
 100  130  180  68.2320 101.2491
 100  130  -60  69.1832 107.7349
 100  140   60  68.8601 104.2112
 100  140  180  68.8597 101.2073
 100  140  -60  69.7927 107.9654
 100  150   60  70.1493 105.1898
 100  150  180  70.4196 102.1971
 100  150  -60  71.2351 108.7328
 100  160   60  72.0085 106.5144
 100  160  180  72.4230 103.6734
 100  160  -60  73.0820 110.1504
 100  170   60  73.7146 107.7798
 100  170  180  74.1911 105.2440
 100  170  -60  74.7074 111.8089
 100  180   60  75.0174 108.5777
 100  180  180  75.3416 106.3298
 100  180  -60  75.7855 112.6576
 100 -180   60  75.0174 108.5777
 100 -180  180  75.3416 106.3298
 100 -180  -60  75.7855 112.6576
 100 -170   60  75.7309 108.6873
 100 -170  180  75.7469 106.6500
 100 -170  -60  76.1906 112.7983
 100 -160   60  75.6193 108.0861
 100 -160  180  75.2913 106.3165
 100 -160  -60  75.8019 112.4038
 100 -150   60  74.6214 106.7671
 100 -150  180  73.9710 105.2974
 100 -150  -60  74.7021 111.3317
 100 -140   60  72.8935 105.0614
 100 -140  180  72.0255 103.7170
 100 -140  -60  73.0066 109.6523
 100 -130   60  70.9535 103.3003
 100 -130  180  69.8584 101.8864
 100 -130  -60  71.1514 107.7059
 100 -120   60  69.4991 102.1223
 100 -120  180  68.4273 100.6622
 100 -120  -60  70.0282 106.4901
 100 -110   60  69.0154 101.9702
 100 -110  180  67.9563 100.3478
 100 -110  -60  70.1532 106.0061
 100 -100   60  69.4810 102.6975
 100 -100  180  68.5196 100.6321
 100 -100  -60  71.6804 105.9911
 100  -90   60  70.7142 104.1649
 100  -90  180  69.8474 101.7441
 100  -90  -60  73.9232 106.4586
 100  -80   60  72.3390 106.1958
 100  -80  180  71.7302 103.3122
 100  -70   60  74.2256 108.6531
 100  -70  180  74.0544 105.2662
 100  -60   60  76.6831 111.2181
 100  -60  180  76.9791 107.2931
 100  -60  -60  78.6389 113.9732
 100  -50   60  79.5860 113.1447
 100  -50  180  80.8032 109.5610
 100  -40   60  83.2252 115.2404
 100  -30   60  85.9485 116.1293
 100  -10   60  84.7521 114.1916
 110    0   60  81.4346 112.9129
 110   10   60  80.8072 113.2894
 110   10  -60  81.4117 118.2183
 110   20   60  81.3020 113.9107
 110   20  -60  84.2321 118.7237
 110   30   60  82.1178 114.0242
 110   40   60  82.3160 113.6249
 110   50   60  81.4357 112.7325
 110   50  -60  84.1977 120.8336
 110   60   60  79.8593 111.6872
 110   60  -60  81.1233 119.1304
 110   70   60  77.9497 110.5247
 110   70  180  72.2518 112.0692
 110   70  -60  78.0803 116.9290
 110   80   60  75.9528 109.0263
 110   80  180  72.4193 109.4459
 110   80  -60  75.3313 114.5122
 110   90   60  73.7300 107.4861
 110   90  180  71.0900 106.9692
 110   90  -60  73.6238 112.3839
 110  100   60  71.3823 105.7897
 110  100  180  69.2588 104.5581
 110  100  -60  71.3869 110.3563
 110  110   60  69.3022 104.2918
 110  110  180  68.5077 102.4424
 110  110  -60  69.5502 108.5314
 110  120   60  67.9182 103.3709
 110  120  180  67.4357 101.1154
 110  120  -60  68.4332 107.2302
 110  130   60  67.6174 103.2693
 110  130  180  67.4772 100.5786
 110  130  -60  68.4435 107.1460
 110  140   60  68.5446 104.0968
 110  140  180  68.7076 101.1041
 110  140  -60  69.6067 107.8147
 110  150   60  70.2666 105.4126
 110  150  180  70.6899 102.3811
 110  150  -60  71.4337 108.7369
 110  160   60  72.3138 106.8399
 110  160  180  72.7438 103.9422
 110  160  -60  73.4094 110.4324
 110  170   60  73.9912 107.8342
 110  170  180  74.3280 105.2485
 110  170  -60  74.9176 111.7015
 110  180   60  75.0243 108.1633
 110  180  180  75.1502 105.9668
 110  180  -60  75.6873 112.2376
 110 -180   60  75.0243 108.1633
 110 -180  180  75.1502 105.9668
 110 -180  -60  75.6873 112.2376
 110 -170   60  75.3140 107.8503
 110 -170  180  75.1398 105.9383
 110 -170  -60  75.6329 112.0543
 110 -160   60  74.7268 106.8653
 110 -160  180  74.2214 105.2159
 110 -160  -60  74.8226 111.3735
 110 -150   60  73.2905 105.2648
 110 -150  180  72.4814 103.9366
 110 -150  -60  73.3015 110.1034
 110 -140   60  71.2823 103.6274
 110 -140  180  70.3099 102.3014
 110 -140  -60  71.3152 108.4209
 110 -130   60  69.3983 102.2430
 110 -130  180  68.3374 100.7256
 110 -130  -60  69.5685 106.7682
 110 -120   60  68.2886 101.6212
 110 -120  180  67.1592 99.9081
 110 -120  -60  68.8102 106.0738
 110 -110   60  68.2764 102.1359
 110 -110  180  67.2812 100.2346
 110 -110  -60  69.3551 106.1758
 110 -100   60  69.2095 103.4628
 110 -100  180  68.3740 100.9756
 110 -100  -60  71.0978 106.7210
 110  -90   60  70.7175 105.3451
 110  -90  180  70.1352 102.5412
 110  -90  -60  73.4437 108.1038
 110  -80   60  72.5506 107.5687
 110  -80  180  72.3156 104.2023
 110  -80  -60  75.7780 110.4230
 110  -70   60  74.7559 110.0218
 110  -70  180  74.7596 106.0878
 110  -70  -60  77.6163 113.1212
 110  -60   60  77.6458 112.5117
 110  -60  180  77.4527 108.0555
 110  -60  -60  77.5529 115.9215
 110  -50   60  81.1489 114.4581
 110  -50  180  80.3334 109.8517
 110  -40   60  84.7106 116.2958
 110  -40  180  83.5138 111.7110
 110  -10   60  83.3172 113.4477
 120    0   60  79.8576 112.8362
 120    0  -60  80.0539 118.1683
 120   10   60  79.9742 113.2102
 120   10  -60  83.0188 117.9595
 120   20   60  81.1267 113.6411
 120   30   60  81.8597 113.6030
 120   40   60  81.4472 112.9547
 120   50   60  80.1617 111.9186
 120   50  -60  83.1958 119.6887
 120   60   60  78.5061 110.7944
 120   60  -60  79.6716 117.5437
 120   70   60  76.6687 109.3850
 120   70  -60  76.5287 115.1178
 120   80   60  74.5600 107.8557
 120   80  -60  73.8226 112.6978
 120   90   60  72.3352 106.3057
 120   90  -60  72.2374 110.9568
 120  100   60  70.2199 104.7863
 120  100  -60  70.2841 108.9363
 120  110   60  68.5356 103.7843
 120  110  180  66.6907 102.0063
 120  110  -60  68.7945 107.8617
 120  120   60  67.7194 103.3163
 120  120  180  67.1969 100.9430
 120  120  -60  68.2432 107.0197
 120  130   60  68.0273 103.7732
 120  130  180  67.9903 101.0302
 120  130  -60  68.7684 107.5814
 120  140   60  69.3562 104.8796
 120  140  180  69.7272 101.9329
 120  140  -60  70.3530 108.3908
 120  150   60  71.2889 106.3265
 120  150  180  71.8412 103.3288
 120  150  -60  72.3734 109.5949
 120  160   60  73.2436 107.5972
 120  160  180  73.7449 104.7321
 120  160  -60  74.2580 111.1330
 120  170   60  74.6598 108.2350
 120  170  180  74.9562 105.7314
 120  170  -60  75.5077 112.1339
 120  180   60  75.2924 108.1124
 120  180  180  75.2853 106.0369
 120  180  -60  75.8369 112.2165
 120 -180   60  75.2924 108.1124
 120 -180  180  75.2853 106.0369
 120 -180  -60  75.8369 112.2165
 120 -170   60  75.0879 107.3442
 120 -170  180  74.7635 105.5738
 120 -170  -60  75.2902 111.7492
 120 -160   60  74.0706 106.1622
 120 -160  180  73.3983 104.6190
 120 -160  -60  74.0718 110.9303
 120 -150   60  72.3993 104.6198
 120 -150  180  71.3427 103.2500
 120 -150  -60  72.2367 109.5656
 120 -140   60  70.3567 103.2111
 120 -140  180  69.1634 101.7194
 120 -140  -60  70.2057 108.0776
 120 -130   60  68.6905 102.4230
 120 -130  180  67.5445 100.6272
 120 -130  -60  68.7583 106.9539
 120 -120   60  68.0095 102.4838
 120 -120  180  67.0357 100.6779
 120 -120  -60  68.4571 106.8002
 120 -110   60  68.4148 103.4978
 120 -110  180  67.7247 101.1352
 120 -110  -60  69.4802 107.4564
 120 -100   60  69.6249 105.1837
 120 -100  180  69.3113 102.4441
 120 -100  -60  71.3459 108.6206
 120  -90   60  71.3607 107.0891
 120  -90  180  71.3951 103.9986
 120  -90  -60  73.6925 110.3151
 120  -80   60  73.5301 109.2164
 120  -80  180  73.6969 105.6398
 120  -80  -60  76.0944 112.7029
 120  -70   60  76.1634 111.6005
 120  -70  180  76.0522 107.3814
 120  -70  -60  77.6365 115.2316
 120  -60   60  79.4240 113.9184
 120  -60  180  78.4000 108.9740
 120  -60  -60  77.5537 117.8905
 120  -50   60  82.9477 115.7771
 120  -50  180  80.7344 110.4759
 120  -40  180  82.5428 111.7976
 120  -30  180  81.8391 112.6390
 120  -20  180  77.6802 112.3872
 120  -10   60  81.4816 112.9926
 130    0   60  78.7454 112.9095
 130    0  -60  80.8225 117.6809
 130   10   60  79.7905 113.3478
 130   20   60  81.0129 113.6646
 130   30   60  81.2094 113.4188
 130   40   60  80.4393 112.6103
 130   40  -60  83.5950 120.2461
 130   50   60  79.2293 111.6536
 130   50  -60  81.0634 118.4837
 130   60   60  77.6337 110.4106
 130   60  -60  77.7331 116.1904
 130   70   60  75.6779 108.9945
 130   70  -60  74.8733 113.7325
 130   80   60  73.6130 107.4645
 130   80  -60  72.5221 112.0898
 130   90   60  71.6803 106.0547
 130   90  -60  71.4352 110.4076
 130  100   60  69.8884 104.9653
 130  100  -60  69.8737 109.0488
 130  110   60  68.5535 104.4207
 130  110  180  67.1654 102.7495
 130  110  -60  68.8434 108.3987
 130  120   60  68.2131 104.5382
 130  120  180  68.4046 102.1978
 130  120  -60  69.0001 108.2326
 130  130   60  69.2327 105.3197
 130  130  180  69.6033 102.6465
 130  130  -60  70.0624 109.0901
 130  140   60  70.9561 106.6881
 130  140  180  71.4368 103.8001
 130  140  -60  71.8610 109.9895
 130  150   60  73.0354 108.0914
 130  150  180  73.4443 105.1203
 130  150  -60  73.7967 111.4032
 130  160   60  74.7003 108.9995
 130  160  180  75.0197 106.2163
 130  160  -60  75.4152 112.5940
 130  170   60  75.6543 109.1179
 130  170  180  75.7520 106.6757
 130  170  -60  76.2484 113.0492
 130  180   60  75.7812 108.5790
 130  180  180  75.5871 106.5587
 130  180  -60  76.1095 112.7345
 130 -180   60  75.7812 108.5790
 130 -180  180  75.5871 106.5587
 130 -180  -60  76.1095 112.7345
 130 -170   60  75.0992 107.6229
 130 -170  180  74.6100 105.8872
 130 -170  -60  75.1119 112.1906
 130 -160   60  73.7469 106.1911
 130 -160  180  72.9455 104.6573
 130 -160  -60  73.6018 111.0866
 130 -150   60  72.0002 104.9751
 130 -150  180  70.8378 103.4513
 130 -150  -60  71.7107 109.9795
 130 -140   60  70.1720 103.9743
 130 -140  180  68.8460 102.4537
 130 -140  -60  69.9227 108.8745
 130 -130   60  68.9114 103.7698
 130 -130  180  67.9102 102.0862
 130 -130  -60  68.9802 108.3669
 130 -120   60  68.6733 104.4697
 130 -120  180  68.0143 102.3444
 130 -120  -60  69.2383 108.7325
 130 -110   60  69.4677 105.7874
 130 -110  180  69.2189 103.1876
 130 -110  -60  70.6716 109.8822
 130 -100   60  71.0444 107.4434
 130 -100  180  71.1461 104.6142
 130 -100  -60  72.7110 111.2373
 130  -90   60  73.0181 109.2299
 130  -90  180  73.3514 106.0719
 130  -90  -60  74.9714 113.0239
 130  -80   60  75.2109 111.1197
 130  -80  180  75.4731 107.4523
 130  -80  -60  77.0250 115.1580
 130  -70   60  77.8452 113.2567
 130  -70  180  77.5054 108.7947
 130  -70  -60  78.0720 117.4043
 130  -60   60  81.0190 115.2596
 130  -60  180  79.4818 110.0195
 130  -50   60  83.9854 116.5739
 130  -50  180  81.3411 111.2683
 130  -40  180  82.5232 112.3819
 130  -30  180  81.3941 112.9547
 130  -20   60  81.9794 113.7829
 130  -20  180  76.2812 113.0455
 130  -10   60  79.4281 112.8255
 130  -10  180  68.9005 111.5358
 140    0   60  78.4157 113.4613
 140   10   60  79.8387 113.7872
 140   20   60  80.6851 113.8380
 140   30   60  80.5684 113.4986
 140   40   60  79.8127 112.7723
 140   50   60  78.6057 111.9008
 140   50  -60  79.1498 117.3218
 140   60   60  77.0334 110.7449
 140   60  -60  76.1462 115.2939
 140   70   60  75.1611 109.3357
 140   70  -60  73.8301 113.3565
 140   80   60  73.3063 107.9304
 140   80  -60  72.4748 112.3743
 140   90   60  71.6767 106.8627
 140   90  -60  70.8656 110.8022
 140  100   60  70.2136 106.1400
 140  100  -60  69.8365 110.2803
 140  110   60  69.5094 106.0896
 140  110  180  68.7499 104.6547
 140  110  -60  69.8441 110.0078
 140  120   60  70.0226 106.7560
 140  120  180  70.3824 104.5827
 140  120  -60  70.4811 110.5888
 140  130   60  71.2590 107.8025
 140  130  180  71.7729 105.1701
 140  130  -60  71.9954 111.4040
 140  140   60  73.0869 109.1025
 140  140  180  73.5474 106.2338
 140  140  -60  73.7481 112.3589
 140  150   60  75.0088 110.1582
 140  150  180  75.2409 107.1644
 140  150  -60  75.3851 113.5247
 140  160   60  76.2044 110.5678
 140  160  180  76.3245 107.7910
 140  160  -60  76.5902 114.2921
 140  170   60  76.6466 110.2533
 140  170  180  76.5338 107.8535
 140  170  -60  76.9020 114.0948
 140  180   60  76.2944 109.3922
 140  180  180  75.8989 107.3516
 140  180  -60  76.3300 113.6871
 140 -180   60  76.2944 109.3922
 140 -180  180  75.8989 107.3516
 140 -180  -60  76.3300 113.6871
 140 -170   60  75.2603 108.3058
 140 -170  180  74.5748 106.5702
 140 -170  -60  75.0729 112.9652
 140 -160   60  73.7560 107.1554
 140 -160  180  72.7901 105.5864
 140 -160  -60  73.5222 112.0525
 140 -150   60  72.1041 106.1310
 140 -150  180  70.9483 104.6419
 140 -150  -60  71.8313 111.2111
 140 -140   60  70.5723 105.7313
 140 -140  180  69.5952 104.1700
 140 -140  -60  70.5118 110.7136
 140 -130   60  69.7755 106.0461
 140 -130  180  69.1452 104.1664
 140 -130  -60  70.1156 110.6932
 140 -120   60  70.1399 107.0688
 140 -120  180  69.7760 104.7764
 140 -120  -60  70.8851 111.4677
 140 -110   60  71.4083 108.5375
 140 -110  180  71.3010 105.9191
 140 -110  -60  72.4620 112.8106
 140 -100   60  73.0203 109.9601
 140 -100  180  73.3420 107.1556
 140 -100  -60  74.3108 114.0835
 140  -90   60  74.7604 111.4989
 140  -90  180  75.4096 108.2792
 140  -90  -60  76.1659 115.6969
 140  -80   60  76.7980 113.1023
 140  -80  180  77.2862 109.2610
 140  -80  -60  77.6023 117.4838
 140  -70   60  79.3703 114.8269
 140  -70  180  78.9827 110.2130
 140  -70  -60  78.3039 119.3221
 140  -60   60  82.2305 116.3075
 140  -60  180  80.5519 111.1300
 140  -50   60  84.3338 116.9514
 140  -50  180  81.8261 112.1913
 140  -40  180  82.2115 113.0282
 140  -30   60  82.5426 115.0111
 140  -30  180  80.8572 113.4995
 140  -20   60  79.5822 113.5226
 140  -20  180  77.8821 112.8560
 140  -10   60  77.9074 113.1292
 140  -10  -60  78.0164 118.4919
 150    0   60  78.5545 114.0821
 150   10   60  80.0160 114.2795
 150   20   60  80.2640 114.2162
 150   30   60  79.6542 113.7259
 150   40   60  78.9222 113.1112
 150   50   60  78.0674 112.4069
 150   50  -60  77.6519 116.3892
 150   60   60  76.7265 111.3479
 150   60  -60  75.4517 114.8130
 150   70   60  75.1005 110.1378
 150   70  -60  73.5458 113.9724
 150   80   60  73.6361 109.0152
 150   80  -60  72.2668 113.2973
 150   90   60  72.3560 108.3369
 150   90  -60  71.5414 112.3414
 150  100   60  71.3618 108.1198
 150  100  -60  71.1243 112.3096
 150  110   60  71.3099 108.4314
 150  110  180  71.0023 107.2776
 150  110  -60  71.2835 112.2477
 150  120   60  72.1485 109.2525
 150  120  180  72.8606 107.2526
 150  120  -60  72.2050 112.9322
 150  130   60  73.6052 110.2897
 150  130  180  74.3166 107.8233
 150  130  -60  74.0649 113.8733
 150  140   60  75.1708 111.4010
 150  140  180  75.8216 108.5756
 150  140  -60  75.6072 114.6364
 150  150   60  76.6096 111.9665
 150  150  180  76.9655 109.0866
 150  150  -60  76.9050 115.5018
 150  160   60  77.2878 111.9200
 150  160  180  77.4374 109.2138
 150  160  -60  77.5548 115.5064
 150  170   60  77.3236 111.3889
 150  170  180  77.1224 108.9128
 150  170  -60  77.4092 115.2718
 150  180   60  76.7115 110.4355
 150  180  180  76.2065 108.3271
 150  180  -60  76.5367 114.8373
 150 -180   60  76.7115 110.4355
 150 -180  180  76.2065 108.3271
 150 -180  -60  76.5367 114.8373
 150 -170   60  75.5406 109.4348
 150 -170  180  74.8931 107.6042
 150 -170  -60  75.2978 114.0747
 150 -160   60  74.0935 108.5025
 150 -160  180  73.2425 106.8544
 150 -160  -60  73.8570 113.4281
 150 -150   60  72.6832 107.9008
 150 -150  180  71.7278 106.2901
 150 -150  -60  72.5531 113.0175
 150 -140   60  71.6165 107.8958
 150 -140  180  70.8827 106.1606
 150 -140  -60  71.7846 112.9091
 150 -130   60  71.4535 108.5392
 150 -130  180  70.9773 106.6104
 150 -130  -60  71.8932 113.2925
 150 -120   60  72.1919 109.6464
 150 -120  180  71.9542 107.4695
 150 -120  -60  72.9036 114.3189
 150 -110   60  73.3726 110.9314
 150 -110  180  73.5977 108.5206
 150 -110  -60  74.3357 115.4553
 150 -100   60  74.7424 112.1480
 150 -100  180  75.5002 109.3928
 150 -100  -60  75.8141 116.5198
 150  -90   60  76.3339 113.3355
 150  -90  180  77.2415 109.9930
 150  -90  -60  77.1554 117.7040
 150  -80   60  78.3153 114.6299
 150  -80  180  78.7468 110.6027
 150  -80  -60  77.9682 119.0887
 150  -70   60  80.6159 115.8734
 150  -70  180  80.0800 111.2002
 150  -60   60  82.7619 116.7761
 150  -60  180  81.1565 111.9042
 150  -50   60  83.7232 116.6940
 150  -50  180  81.7461 112.7221
 150  -40   60  82.7865 115.7595
 150  -40  180  81.5553 113.3875
 150  -30   60  80.1857 114.5967
 150  -30  180  80.3628 113.6628
 150  -20   60  77.6804 113.7278
 150  -20  180  79.0449 112.8373
 150  -10   60  77.2416 113.8664
 160   40   60  78.1926 113.7519
 160   50   60  77.8173 113.2831
 160   50  -60  76.5339 116.0011
 160   60   60  76.6878 112.5027
 160   70   60  75.4081 111.5251
 160   80   60  74.3547 110.8769
 160   90   60  73.3697 110.5171
 160   90  -60  72.4023 114.9382
 160  100   60  72.9517 110.5209
 160  100  -60  72.3466 114.9147
 160  110   60  73.4309 111.0453
 160  110  180  73.7777 110.3546
 160  110  -60  73.1344 115.0698
 160  120   60  74.2209 111.6304
 160  120  180  75.6745 110.0882
 160  120  -60  74.3506 115.6527
 160  130   60  75.6001 112.6948
 160  130  180  76.7168 110.3586
 160  130  -60  75.8817 116.4004
 160  140   60  76.7929 113.3837
 160  140  180  77.5127 110.7654
 160  140  -60  77.1974 116.8638
 160  150   60  77.7273 113.6033
 160  150  180  78.0862 110.9064
 160  150  -60  78.0171 117.1692
 160  160   60  77.9869 113.3734
 160  160  180  78.0078 110.6838
 160  160  -60  78.2122 117.0144
 160  170   60  77.7984 112.5577
 160  170  180  77.4197 110.0616
 160  170  -60  77.7751 116.7294
 160  180   60  77.1280 111.8025
 160  180  180  76.5792 109.5039
 160  180  -60  76.8440 116.2135
 160 -180   60  77.1280 111.8025
 160 -180  180  76.5792 109.5039
 160 -180  -60  76.8440 116.2135
 160 -170   60  76.0153 110.9363
 160 -170  180  75.3800 108.8939
 160 -170  -60  75.7167 115.6235
 160 -160   60  74.7967 110.2806
 160 -160  180  74.0098 108.4604
 160 -160  -60  74.5375 115.1965
 160 -150   60  73.8519 110.0504
 160 -150  180  72.9615 108.3710
 160 -150  -60  73.6633 115.1418
 160 -140   60  73.2972 110.3270
 160 -140  180  72.6058 108.5835
 160 -140  -60  73.3386 115.3528
 160 -130   60  73.4368 110.9812
 160 -130  180  73.0649 109.1072
 160 -130  -60  73.7854 115.8958
 160 -120   60  74.1364 111.8788
 160 -120  180  74.2072 109.8664
 160 -120  -60  74.8112 116.7298
 160 -110   60  75.1424 112.9376
 160 -110  180  75.7687 110.6446
 160 -110  -60  75.9933 117.6327
 160 -100   60  76.3778 113.9645
 160 -100  180  77.3384 111.1754
 160 -100  -60  77.0588 118.4663
 160  -90   60  77.8402 114.9045
 160  -90  180  78.6334 111.4356
 160  -90  -60  77.7979 119.1982
 160  -80   60  79.4089 115.6662
 160  -80  180  79.7797 111.6466
 160  -80  -60  78.0430 120.0706
 160  -70   60  81.0348 116.4220
 160  -70  180  80.7158 111.9341
 160  -60   60  82.2137 116.7498
 160  -60  180  81.2598 112.4925
 160  -50   60  82.2288 116.2874
 160  -50  180  81.2216 113.0454
 160  -40   60  80.8589 115.6999
 160  -40  180  80.8390 113.5332
 160  -30   60  78.0788 114.7465
 160  -30  180  80.4565 113.7268
 160  -20   60  76.5300 114.5970
 160  -10   60  77.1702 114.7760
 170   40   60  78.0252 114.4520
 170   50   60  77.7476 114.2068
 170   80   60  75.2500 112.4068
 170   90   60  74.7028 112.5630
 170  100   60  74.6742 112.6342
 170  100  -60  74.0842 117.1353
 170  110   60  75.1328 113.0444
 170  110  -60  74.8622 117.5698
 170  120   60  76.1392 113.6576
 170  120  180  77.2185 112.5802
 170  120  -60  76.2857 118.0830
 170  130   60  77.0449 114.3921
 170  130  180  78.1337 112.3666
 170  130  -60  77.4220 118.2344
 170  140   60  77.9252 114.8158
 170  140  180  78.5965 112.6040
 170  140  -60  78.2428 118.7658
 170  150   60  78.5321 114.8737
 170  150  180  78.7267 112.3801
 170  150  -60  78.7207 118.7653
 170  160   60  78.5820 114.3380
 170  160  180  78.4595 111.7391
 170  160  -60  78.6788 118.3810
 170  170   60  78.2964 113.6268
 170  170  180  78.0448 111.1143
 170  170  -60  78.1758 117.8966
 170  180   60  77.6232 112.9058
 170  180  180  77.0354 110.5482
 170  180  -60  77.3074 117.4310
 170 -180   60  77.6232 112.9058
 170 -180  180  77.0354 110.5482
 170 -180  -60  77.3074 117.4310
 170 -170   60  76.6442 112.2053
 170 -170  180  76.0367 110.0281
 170 -170  -60  76.3644 116.8885
 170 -160   60  75.7587 111.8997
 170 -160  180  75.0922 110.0275
 170 -160  -60  75.5185 116.8126
 170 -150   60  75.1743 111.8448
 170 -150  180  74.5732 110.1145
 170 -150  -60  74.9669 116.9721
 170 -140   60  74.9403 112.1562
 170 -140  180  74.5414 110.4538
 170 -140  -60  74.9454 117.3216
 170 -130   60  75.1473 112.7086
 170 -130  180  75.1639 110.9933
 170 -130  -60  75.4451 117.8290
 170 -120   60  75.7131 113.3613
 170 -120  180  76.1952 111.5457
 170 -120  -60  76.2467 118.4183
 170 -110   60  76.5637 114.1647
 170 -110  180  77.4170 111.9450
 170 -110  -60  77.0576 119.0067
 170 -100   60  77.6114 114.9678
 170 -100  180  78.6132 112.2008
 170 -100  -60  77.6486 119.4046
 170  -90   60  78.6040 115.6234
 170  -90  180  79.6058 112.1885
 170  -90  -60  77.7399 119.7757
 170  -80   60  79.6196 116.1345
 170  -80  180  80.4506 112.2217
 170  -80  -60  77.5584 120.2776
 170  -70   60  80.6995 116.4394
 170  -70  180  80.9501 112.3453
 170  -60   60  81.3195 116.4049
 170  -60  180  81.0107 112.6301
 170  -50   60  80.7051 116.0209
 170  -50  180  80.7578 113.0646
 170  -40   60  78.7421 115.5412
 170  -40  180  80.6440 113.5186
 170  -30   60  76.5415 115.4332
 170  -30  180  81.7017 113.5792
 170  -20   60  75.8814 115.6287
 180   80   60  76.2613 113.7993
 180   90   60  75.9932 113.8011
 180  100   60  76.2195 114.0308
 180  100  -60  75.8515 119.1976
 180  110   60  76.7510 114.3446
 180  110  -60  76.6965 119.3733
 180  120   60  77.4047 114.9550
 180  120  180  78.3091 114.5159
 180  120  -60  77.6596 119.5705
 180  130   60  78.0710 115.4352
 180  130  180  79.0246 114.2488
 180  130  -60  78.4671 119.9949
 180  140   60  78.7385 115.6913
 180  140  180  79.4225 114.0666
 180  140  -60  78.9880 120.2145
 180  150   60  79.2155 115.6067
 180  150  180  79.2557 113.4736
 180  150  -60  79.2498 119.8608
 180  160   60  79.1537 115.1465
 180  160  180  78.9841 112.7191
 180  160  -60  79.1407 119.5187
 180  170   60  78.7524 114.4204
 180  170  180  78.3291 111.8323
 180  170  -60  78.6504 118.9058
 180  180   60  78.1313 113.7244
 180  180  180  77.6810 111.2207
 180  180  -60  77.8927 118.1944
 180 -180   60  78.1313 113.7244
 180 -180  180  77.6810 111.2207
 180 -180  -60  77.8927 118.1944
 180 -170   60  77.3306 113.2556
 180 -170  180  76.9465 111.0798
 180 -170  -60  77.1034 117.8471
 180 -160   60  76.6852 112.9298
 180 -160  180  76.3360 111.1008
 180 -160  -60  76.5403 117.9640
 180 -150   60  76.3451 112.9548
 180 -150  180  76.1437 111.3570
 180 -150  -60  76.2735 118.1504
 180 -140   60  76.2045 113.1928
 180 -140  180  76.2237 111.7003
 180 -140  -60  76.3368 118.4688
 180 -130   60  76.3485 113.5886
 180 -130  180  76.7294 112.1268
 180 -130  -60  76.6890 118.9171
 180 -120   60  76.8150 114.0896
 180 -120  180  77.4976 112.4491
 180 -120  -60  77.2051 119.3187
 180 -110   60  77.5093 114.7824
 180 -110  180  78.4821 112.6630
 180 -110  -60  77.6491 119.5709
 180 -100   60  78.2509 115.4465
 180 -100  180  79.5197 112.6385
 180 -100  -60  77.7882 119.6801
 180  -90   60  78.9867 115.9894
 180  -90  180  80.3409 112.6438
 180  -90  -60  77.6116 119.7291
 180  -80   60  79.7786 116.2344
 180  -80  180  80.8608 112.5094
 180  -80  -60  77.2423 119.7604
 180  -70   60  80.4885 116.3040
 180  -70  180  80.9899 112.5733
 180  -60   60  80.4618 116.1423
 180  -60  180  80.8206 112.6627
 180  -50   60  79.2357 116.0644
 180  -50  180  80.5571 112.9777
 180  -40   60  77.1135 116.2915
 180  -40  180  80.4222 113.4540
 180  -30   60  75.4025 116.4279
 180  -30  180  82.0485 113.8757
-180   80   60  76.2613 113.7993
-180   90   60  75.9932 113.8011
-180  100   60  76.2195 114.0308
-180  100  -60  75.8515 119.1976
-180  110   60  76.7510 114.3446
-180  110  -60  76.6965 119.3733
-180  120   60  77.4047 114.9550
-180  120  180  78.3091 114.5159
-180  120  -60  77.6596 119.5705
-180  130   60  78.0710 115.4352
-180  130  180  79.0246 114.2488
-180  130  -60  78.4671 119.9949
-180  140   60  78.7385 115.6913
-180  140  180  79.4225 114.0666
-180  140  -60  78.9880 120.2145
-180  150   60  79.2155 115.6067
-180  150  180  79.2557 113.4736
-180  150  -60  79.2498 119.8608
-180  160   60  79.1537 115.1465
-180  160  180  78.9841 112.7191
-180  160  -60  79.1407 119.5187
-180  170   60  78.7524 114.4204
-180  170  180  78.3291 111.8323
-180  170  -60  78.6504 118.9058
-180  180   60  78.1313 113.7244
-180  180  180  77.6810 111.2207
-180  180  -60  77.8927 118.1944
-180 -180   60  78.1313 113.7244
-180 -180  180  77.6810 111.2207
-180 -180  -60  77.8927 118.1944
-180 -170   60  77.3306 113.2556
-180 -170  180  76.9465 111.0798
-180 -170  -60  77.1034 117.8471
-180 -160   60  76.6852 112.9298
-180 -160  180  76.3360 111.1008
-180 -160  -60  76.5403 117.9640
-180 -150   60  76.3451 112.9548
-180 -150  180  76.1437 111.3570
-180 -150  -60  76.2735 118.1504
-180 -140   60  76.2045 113.1928
-180 -140  180  76.2237 111.7003
-180 -140  -60  76.3368 118.4688
-180 -130   60  76.3485 113.5886
-180 -130  180  76.7294 112.1268
-180 -130  -60  76.6890 118.9171
-180 -120   60  76.8150 114.0896
-180 -120  180  77.4976 112.4491
-180 -120  -60  77.2051 119.3187
-180 -110   60  77.5093 114.7824
-180 -110  180  78.4821 112.6630
-180 -110  -60  77.6491 119.5709
-180 -100   60  78.2509 115.4465
-180 -100  180  79.5197 112.6385
-180 -100  -60  77.7882 119.6801
-180  -90   60  78.9867 115.9894
-180  -90  180  80.3409 112.6438
-180  -90  -60  77.6116 119.7291
-180  -80   60  79.7786 116.2344
-180  -80  180  80.8608 112.5094
-180  -80  -60  77.2423 119.7604
-180  -70   60  80.4885 116.3040
-180  -70  180  80.9899 112.5733
-180  -60   60  80.4618 116.1423
-180  -60  180  80.8206 112.6627
-180  -50   60  79.2357 116.0644
-180  -50  180  80.5571 112.9777
-180  -40   60  77.1135 116.2915
-180  -40  180  80.4222 113.4540
-180  -30   60  75.4025 116.4279
-180  -30  180  82.0485 113.8757
-170   80   60  77.2680 114.4201
-170   90   60  77.2780 114.6099
-170   90  -60  76.5521 121.1986
-170  100   60  77.4497 114.7410
-170  100  -60  77.3847 120.7598
-170  110   60  77.7637 115.1673
-170  110  -60  78.1071 120.2473
-170  120   60  78.3132 115.8533
-170  120  180  79.2356 115.7291
-170  120  -60  78.6771 120.6216
-170  130   60  78.8879 116.3082
-170  130  180  80.1705 115.5034
-170  130  -60  79.3082 121.1930
-170  140   60  79.4540 116.4555
-170  140  180  80.0284 115.1585
-170  140  -60  79.7127 121.3901
-170  150   60  79.8334 116.2294
-170  150  180  79.8099 114.2277
-170  150  -60  79.8026 121.0426
-170  160   60  79.5662 115.6480
-170  160  180  79.3873 113.1296
-170  160  -60  79.6009 120.1805
-170  170   60  79.1901 114.8604
-170  170  180  78.9265 112.1471
-170  170  -60  79.1358 119.0557
-170  180   60  78.6996 114.2645
-170  180  180  78.2786 111.8363
-170  180  -60  78.5390 118.5303
-170 -180   60  78.6996 114.2645
-170 -180  180  78.2786 111.8363
-170 -180  -60  78.5390 118.5303
-170 -170   60  78.0746 113.7422
-170 -170  180  77.7124 111.6673
-170 -170  -60  77.9390 118.4028
-170 -160   60  77.5664 113.3159
-170 -160  180  77.4433 111.6611
-170 -160  -60  77.5260 118.4440
-170 -150   60  77.2922 113.3140
-170 -150  180  77.2858 111.9608
-170 -150  -60  77.3732 118.6084
-170 -140   60  77.1863 113.4584
-170 -140  180  77.3295 112.3158
-170 -140  -60  77.4133 118.9141
-170 -130   60  77.3047 113.8726
-170 -130  180  77.7226 112.6397
-170 -130  -60  77.6042 119.3583
-170 -120   60  77.6656 114.2821
-170 -120  180  78.3974 112.8330
-170 -120  -60  77.9109 119.5083
-170 -110   60  78.2839 115.0952
-170 -110  180  79.3201 112.9572
-170 -110  -60  78.1889 119.6355
-170 -100   60  78.9774 115.8377
-170 -100  180  80.2885 112.8733
-170 -100  -60  78.1792 119.4768
-170  -90   60  79.5619 116.1800
-170  -90  180  80.9053 112.7535
-170  -90  -60  77.8167 119.1872
-170  -80   60  80.0287 116.2246
-170  -80  180  81.1136 112.5803
-170  -80  -60  77.3431 118.7929
-170  -70   60  80.0787 116.1189
-170  -70  180  81.0325 112.4077
-170  -60   60  79.4189 116.0578
-170  -60  180  80.7503 112.4176
-170  -50   60  77.9262 116.3599
-170  -50  180  80.3266 112.7735
-170  -40   60  75.8112 117.1194
-170  -40  180  80.4017 113.5575
-170  -30  180  81.6303 114.5097
-160   80   60  77.8506 114.1295
-160   90   60  78.0831 114.3206
-160  100   60  78.6045 114.5594
-160  100  -60  78.4935 121.3279
-160  110   60  78.9774 115.5372
-160  110  -60  79.1787 120.7003
-160  120   60  79.2056 116.4771
-160  120  180  80.9379 116.2339
-160  120  -60  80.1407 121.2995
-160  130   60  79.6176 116.9321
-160  130  180  81.0177 116.0183
-160  130  -60  80.2735 122.2378
-160  140   60  80.2013 116.8675
-160  140  180  80.2348 115.6802
-160  140  -60  80.4280 122.2157
-160  150   60  80.3081 116.3601
-160  150  180  80.2413 114.4672
-160  150  -60  80.4258 121.4055
-160  160   60  79.9742 115.5663
-160  160  180  79.9301 113.2191
-160  160  -60  80.1527 120.4497
-160  170   60  79.7061 114.8213
-160  170  180  79.3364 112.4564
-160  170  -60  79.7662 119.5564
-160  180   60  79.3267 114.1515
-160  180  180  78.8810 112.0582
-160  180  -60  79.2832 118.9860
-160 -180   60  79.3267 114.1515
-160 -180  180  78.8810 112.0582
-160 -180  -60  79.2832 118.9860
-160 -170   60  78.7889 113.6118
-160 -170  180  78.4599 111.8709
-160 -170  -60  78.7592 118.7691
-160 -160   60  78.3681 113.3198
-160 -160  180  78.2492 111.9716
-160 -160  -60  78.3472 118.8469
-160 -150   60  78.1091 113.1542
-160 -150  180  78.0819 112.1631
-160 -150  -60  78.1237 118.8143
-160 -140   60  77.9690 113.3923
-160 -140  180  78.1522 112.4792
-160 -140  -60  78.1116 119.0454
-160 -130   60  78.0487 113.7371
-160 -130  180  78.5472 112.7345
-160 -130  -60  78.3021 119.2025
-160 -120   60  78.4942 114.4310
-160 -120  180  79.2871 112.8929
-160 -120  -60  78.6284 119.2728
-160 -110   60  79.2327 115.4619
-160 -110  180  80.3019 112.7830
-160 -110  -60  78.8739 119.1617
-160 -100   60  79.7575 116.1253
-160 -100  180  81.0768 112.6054
-160 -100  -60  78.7551 118.7374
-160  -90   60  79.9497 116.1501
-160  -90  180  81.3390 112.4217
-160  -90  -60  78.3207 118.1223
-160  -80   60  79.8947 115.8888
-160  -80  180  81.3487 112.1421
-160  -80  -60  77.7540 117.4337
-160  -70   60  79.5499 115.8444
-160  -70  180  81.1032 112.0068
-160  -60   60  78.6150 116.1959
-160  -60  180  80.6348 112.1218
-160  -50   60  76.8217 117.0363
-160  -50  180  80.2152 112.6822
-160  -40  180  80.4449 113.6223
-150   70   60  78.3088 112.6082
-150   80   60  78.6975 112.6559
-150   90   60  79.5653 113.3872
-150  100   60  80.2157 114.8028
-150  110   60  80.2690 116.2755
-150  110  -60  79.7472 121.8860
-150  120   60  80.2217 117.2698
-150  120  180  80.7863 118.3157
-150  120  -60  79.9482 122.8271
-150  130   60  80.3838 117.3599
-150  130  180  80.3216 117.7628
-150  130  -60  80.8504 123.5148
-150  140   60  80.8614 117.0288
-150  140  180  80.3795 116.2400
-150  140  -60  81.1741 123.1788
-150  150   60  80.6659 116.2007
-150  150  180  80.6933 114.7653
-150  150  -60  80.9780 121.8252
-150  160   60  80.4653 115.3333
-150  160  180  80.3157 113.7988
-150  160  -60  80.6739 120.8285
-150  170   60  80.2374 114.6859
-150  170  180  79.9227 113.1232
-150  170  -60  80.3375 120.2124
-150  180   60  79.8008 114.0525
-150  180  180  79.5414 112.6463
-150  180  -60  79.8972 119.8208
-150 -180   60  79.8008 114.0525
-150 -180  180  79.5414 112.6463
-150 -180  -60  79.8972 119.8208
-150 -170   60  79.3186 113.6471
-150 -170  180  79.1558 112.4286
-150 -170  -60  79.3268 119.6356
-150 -160   60  78.9640 113.2736
-150 -160  180  78.8916 112.2688
-150 -160  -60  78.8962 119.1747
-150 -150   60  78.6680 113.1464
-150 -150  180  78.7863 112.3487
-150 -150  -60  78.6627 118.8990
-150 -140   60  78.5591 113.3232
-150 -140  180  78.9664 112.4580
-150 -140  -60  78.6461 118.9799
-150 -130   60  78.9000 113.7641
-150 -130  180  79.4929 112.4563
-150 -130  -60  78.9418 118.9120
-150 -120   60  79.6284 114.7381
-150 -120  180  80.4385 112.3728
-150 -120  -60  79.4736 118.6485
-150 -110   60  80.1437 115.6889
-150 -110  180  81.2708 112.0764
-150 -110  -60  79.6548 118.1921
-150 -100   60  80.1909 115.9552
-150 -100  180  81.5424 111.9664
-150 -100  -60  79.3888 117.7072
-150  -90   60  80.0539 115.7279
-150  -90  180  81.5835 111.7907
-150  -90  -60  78.9251 116.9915
-150  -80   60  79.8655 115.6925
-150  -80  180  81.4472 111.6435
-150  -80  -60  77.3580 116.3505
-150  -70   60  79.3454 115.9998
-150  -70  180  81.0732 111.7808
-150  -70  -60  74.4917 116.5220
-150  -60   60  78.0355 116.7022
-150  -60  180  80.5495 112.1508
-150  -50  180  80.1836 112.8825
-140   90   60  80.7286 114.0304
-140  100   60  80.7346 115.9623
-140  110   60  80.8480 117.1000
-140  110  -60  79.5337 123.4681
-140  120   60  80.8150 117.5887
-140  120  -60  80.7797 124.1395
-140  130   60  81.2112 117.2714
-140  130  180  81.9892 117.4339
-140  130  -60  81.6519 124.2142
-140  140   60  81.3503 116.4510
-140  140  180  81.7798 116.3802
-140  140  -60  81.6645 123.1954
-140  150   60  81.1412 115.6851
-140  150  180  81.1220 115.6434
-140  150  -60  81.4474 122.3183
-140  160   60  80.9961 115.3087
-140  160  180  80.9010 115.0856
-140  160  -60  81.0950 121.8516
-140  170   60  80.6554 114.8943
-140  170  180  80.5032 114.5060
-140  170  -60  80.6624 121.5248
-140  180   60  80.1697 114.4590
-140  180  180  80.1150 113.8037
-140  180  -60  80.1860 121.0658
-140 -180   60  80.1697 114.4590
-140 -180  180  80.1150 113.8037
-140 -180  -60  80.1860 121.0658
-140 -170   60  79.7954 113.9037
-140 -170  180  79.7199 113.0044
-140 -170  -60  79.7170 120.0284
-140 -160   60  79.5764 113.2108
-140 -160  180  79.5151 112.1169
-140 -160  -60  79.3905 119.0015
-140 -150   60  79.4031 112.7256
-140 -150  180  79.5935 111.5577
-140 -150  -60  79.3206 118.4661
-140 -140   60  79.5990 112.6650
-140 -140  180  79.9845 111.1499
-140 -140  -60  79.4705 117.9818
-140 -130   60  80.2383 113.0154
-140 -130  180  80.7077 110.6481
-140 -130  -60  79.9071 117.1118
-140 -120   60  80.7138 113.5987
-140 -120  180  81.4844 110.1410
-140 -120  -60  80.3307 116.3749
-140 -110   60  80.6893 114.0415
-140 -110  180  81.7951 110.1152
-140 -110  -60  80.3243 116.0437
-140 -100   60  80.5403 114.4181
-140 -100  180  81.8570 110.3577
-140 -100  -60  79.9759 115.7976
-140  -90   60  80.3588 114.8572
-140  -90  180  81.7896 110.7686
-140  -90  -60  78.7216 115.6430
-140  -80   60  79.9786 115.5815
-140  -80  180  81.5187 111.2829
-140  -80  -60  76.8374 116.0224
-140  -70   60  78.9603 116.4292
-140  -70  180  80.9818 111.7371
-140  -60  180  80.4000 112.1764
-130   90   60  81.1379 115.9440
-130  100   60  80.7633 116.7610
-130  110   60  80.8869 117.3527
-130  110  -60  80.4965 124.7685
-130  120   60  81.3174 117.1196
-130  120  -60  81.6825 124.6776
-130  130   60  81.7258 116.3799
-130  130  180  82.1655 118.9956
-130  130  -60  82.0986 124.3231
-130  140   60  81.6715 115.8745
-130  140  180  81.9651 118.0281
-130  140  -60  82.0544 123.7687
-130  150   60  81.5226 115.7790
-130  150  180  81.6109 117.7291
-130  150  -60  81.8629 123.6930
-130  160   60  81.3764 115.8384
-130  160  180  81.3043 117.3161
-130  160  -60  81.4951 123.8277
-130  170   60  81.0607 115.8854
-130  170  180  80.8293 116.7773
-130  170  -60  81.0296 123.9560
-130  180   60  80.5872 115.4064
-130  180  180  80.4289 115.2041
-130  180  -60  80.5089 122.5095
-130 -180   60  80.5872 115.4064
-130 -180  180  80.4289 115.2041
-130 -180  -60  80.5089 122.5095
-130 -170   60  80.3757 113.5985
-130 -170  180  80.2829 112.1066
-130 -170  -60  80.2451 119.2798
-130 -160   60  80.3650 111.8335
-130 -160  180  80.3091 109.8209
-130 -160  -60  80.1506 117.0860
-130 -150   60  80.4811 110.8682
-130 -150  180  80.6034 108.5873
-130 -150  -60  80.2292 115.7785
-130 -140   60  80.8501 110.4419
-130 -140  180  81.0956 107.7107
-130 -140  -60  80.4450 114.5506
-130 -130   60  81.1653 110.4616
-130 -130  180  81.6397 107.2976
-130 -130  -60  80.6527 113.7622
-130 -120   60  81.2354 110.7840
-130 -120  180  81.9219 107.3210
-130 -120  -60  80.7934 113.4709
-130 -110   60  81.1670 111.6027
-130 -110  180  82.0532 107.9382
-130 -110  -60  80.7847 113.6055
-130 -100   60  80.8850 112.9738
-130 -100  180  82.0038 109.0245
-130 -100  -60  79.8336 114.3455
-130  -90   60  80.4760 114.7960
-130  -90  180  81.8125 110.4267
-130  -90  -60  78.5343 115.5249
-130  -80   60  79.7189 116.6390
-130  -80  180  81.3542 111.7641
-130  -70  180  80.5822 112.2787
-120   90   60  80.6268 116.5211
-120  100   60  80.5812 116.2193
-120  100  -60  80.4662 123.2770
-120  110   60  80.8944 116.0464
-120  110  -60  81.3262 124.0728
-120  120   60  81.4009 115.7702
-120  120  -60  81.8347 124.0200
-120  130   60  81.6858 115.7200
-120  130  180  80.9404 120.8830
-120  130  -60  82.0982 124.4239
-120  140   60  81.7845 116.1449
-120  140  180  81.9021 120.7334
-120  140  -60  82.2349 125.2555
-120  150   60  81.7956 116.9488
-120  150  180  82.0250 121.1557
-120  150  -60  82.2176 126.6340
-120  160   60  81.8680 118.0217
-120  160  180  81.6826 121.8648
-120  160  -60  82.0805 127.9833
-120  170   60  81.4544 117.7000
-120  170  180  81.2065 120.6140
-120  170  -60  81.3728 126.1416
-120  180   60  80.9021 112.7802
-120  180  180  80.8241 110.1297
-120  180  -60  80.9798 117.3888
-120 -180   60  80.9021 112.7802
-120 -180  180  80.8241 110.1297
-120 -180  -60  80.9798 117.3888
-120 -170   60  80.9433 109.8176
-120 -170  180  80.9935 106.8484
-120 -170  -60  81.0027 114.2321
-120 -160   60  81.1540 107.6549
-120 -160  180  81.2228 104.7261
-120 -160  -60  81.0180 112.1174
-120 -150   60  81.2634 106.4843
-120 -150  180  81.4353 103.5450
-120 -150  -60  80.9593 110.6769
-120 -140   60  81.3621 105.9895
-120 -140  180  81.7272 103.0970
-120 -140  -60  80.9256 109.7978
-120 -130   60  81.4667 106.1998
-120 -130  180  81.8943 103.3666
-120 -130  -60  80.9360 109.7057
-120 -120   60  81.4476 107.3772
-120 -120  180  81.9806 104.4916
-120 -120  -60  81.0016 110.4243
-120 -110   60  81.2108 109.5549
-120 -110  180  81.9992 106.3364
-120 -110  -60  80.3494 111.9678
-120 -100   60  80.8720 112.7591
-120 -100  180  81.9433 109.1330
-120 -100  -60  79.6591 114.6449
-120  -90   60  80.4774 117.0977
-120  -90  180  81.8668 112.1492
-120  -80   60  78.4430 121.6759
-120  -80  180  80.2671 114.0343
-120  -70  180  79.5147 111.9983
-110   90   60  80.2443 114.6841
-110  100   60  80.4317 114.6469
-110  100  -60  81.2034 121.4026
-110  110   60  80.7661 114.8100
-110  110  -60  80.9648 122.0215
-110  120   60  81.0632 115.4954
-110  120  -60  81.2993 123.4540
-110  130   60  81.4794 116.8753
-110  130  180  81.7665 123.1532
-110  130  -60  81.7776 125.8371
-110  140   60  81.7828 118.3584
-110  140  180  81.8921 125.2007
-110  140  -60  82.1594 128.7687
-110  150   60  81.9560 120.7266
-110  150  180  82.0920 127.9209
-110  150  -60  82.3539 131.9381
-110  160   60  80.7903 112.4641
-110  160  180  80.8641 110.7846
-110  160  -60  81.1042 116.0802
-110  170   60  81.0778 109.1542
-110  170  180  81.1449 106.4095
-110  170  -60  81.3792 112.7422
-110  180   60  81.2889 106.2168
-110  180  180  81.4203 102.9580
-110  180  -60  81.4406 110.2325
-110 -180   60  81.2889 106.2168
-110 -180  180  81.4203 102.9580
-110 -180  -60  81.4406 110.2325
-110 -170   60  81.3886 103.6196
-110 -170  180  81.5998 100.4340
-110 -170  -60  81.4296 107.9461
-110 -160   60  81.4885 102.0720
-110 -160  180  81.6572 99.2779
-110 -160  -60  81.3261 106.5051
-110 -150   60  81.4222 101.4388
-110 -150  180  81.7142 98.9795
-110 -150  -60  81.0666 105.8103
-110 -140   60  81.3966 101.4658
-110 -140  180  81.7240 99.4650
-110 -140  -60  80.8488 105.8672
-110 -130   60  81.2525 102.7658
-110 -130  180  81.6819 100.9236
-110 -130  -60  80.7246 106.9830
-110 -120   60  80.9786 105.5084
-110 -120  180  81.5879 103.5920
-110 -120  -60  80.5791 109.2795
-110 -110   60  80.6237 109.6319
-110 -110  180  81.4181 107.4717
-110 -110  -60  79.5259 112.5907
-110 -100   60  80.4589 115.3700
-110 -100  180  81.7376 111.8580
-110 -100  -60  78.9303 116.7446
-110  -90   60  78.4785 124.3820
-110  -90  180  79.9010 115.8352
-110  -80  180  79.6558 112.0699
-100   80   60  80.2124 112.5873
-100   90   60  80.1369 113.1121
-100  100   60  80.3236 114.0596
-100  110   60  80.4750 115.7613
-100  110  -60  80.1295 121.3534
-100  120   60  80.7747 118.0147
-100  120  -60  80.7712 125.0735
-100  130   60  80.9888 120.4313
-100  130  180  79.8017 127.7545
-100  130  -60  81.4015 129.8141
-100  140   60  79.6319 112.3843
-100  140  180  79.1466 111.8770
-100  140  -60  80.2198 116.6559
-100  150   60  80.4237 108.5485
-100  150  180  80.5346 107.8946
-100  150  -60  80.8036 112.4212
-100  160   60  81.0381 105.4371
-100  160  180  81.3086 103.7102
-100  160  -60  81.3287 109.4281
-100  170   60  81.4866 102.7999
-100  170  180  81.6445 100.1872
-100  170  -60  81.6106 106.9311
-100  180   60  81.6889 100.3519
-100  180  180  81.8386 97.8788
-100  180  -60  81.6311 105.0458
-100 -180   60  81.6889 100.3519
-100 -180  180  81.8386 97.8788
-100 -180  -60  81.6311 105.0458
-100 -170   60  81.5757 98.7502
-100 -170  180  81.8132 96.5685
-100 -170  -60  81.5043 103.9550
-100 -160   60  81.3672 98.0937
-100 -160  180  81.6397 96.2809
-100 -160  -60  81.2309 103.4188
-100 -150   60  81.2422 98.2573
-100 -150  180  81.4754 97.1839
-100 -150  -60  80.8407 103.8210
-100 -140   60  80.8842 99.5656
-100 -140  180  81.2182 98.8897
-100 -140  -60  80.4045 105.0860
-100 -130   60  80.3939 102.5098
-100 -130  180  80.8073 102.1297
-100 -130  -60  79.9234 107.7585
-100 -120   60  79.8494 106.8502
-100 -120  180  80.5662 106.6197
-100 -120  -60  79.4126 111.1022
-100 -110   60  79.6876 113.1541
-100 -110  180  80.6692 111.8272
-100 -110  -60  78.5596 115.6023
-100 -100   60  78.9747 124.1575
-100 -100  180  80.0270 115.1825
-100 -100  -60  78.1279 118.2954
-100  -90  180  80.0444 111.3633
-100  -80  180  79.8041 107.5854
 -90   90   60  80.3299 114.6216
 -90  100   60  80.2297 117.1582
 -90  110   60  80.3186 119.8578
 -90  120   60  80.5909 122.8803
 -90  120  -60  79.6810 128.2097
 -90  130   60  79.6128 111.4232
 -90  130  180  78.6906 112.2488
 -90  130  -60  80.0861 117.6344
 -90  140   60  80.2004 106.2207
 -90  140  180  79.4839 105.0274
 -90  140  -60  80.9236 111.9213
 -90  150   60  80.9155 103.4199
 -90  150  180  80.8330 102.7358
 -90  150  -60  81.2174 108.9202
 -90  160   60  81.3142 100.8598
 -90  160  180  81.7619 100.3000
 -90  160  -60  81.5196 106.4378
 -90  170   60  81.6512 99.2554
 -90  170  180  81.9621 97.9881
 -90  170  -60  81.6928 104.8618
 -90  180   60  81.6314 98.1085
 -90  180  180  81.9695 96.9681
 -90  180  -60  81.6462 104.0694
 -90 -180   60  81.6314 98.1085
 -90 -180  180  81.9695 96.9681
 -90 -180  -60  81.6462 104.0694
 -90 -170   60  81.4525 97.4226
 -90 -170  180  81.8108 96.6880
 -90 -170  -60  81.4055 103.8977
 -90 -160   60  81.2080 97.8305
 -90 -160  180  81.4845 97.4906
 -90 -160  -60  80.9559 104.3589
 -90 -150   60  80.8639 99.5595
 -90 -150  180  81.1540 99.7234
 -90 -150  -60  80.3843 106.1085
 -90 -140   60  80.1243 102.3553
 -90 -140  180  80.4952 103.0981
 -90 -140  -60  79.7012 108.7266
 -90 -130   60  79.5623 106.4947
 -90 -130  180  79.8996 107.3146
 -90 -130  -60  79.0548 111.6079
 -90 -120   60  79.1374 112.3910
 -90 -120  180  79.6194 113.0493
 -90 -120  -60  78.6076 115.9356
 -90 -110   60  79.6452 122.5012
 -90 -110  180  80.3336 113.1413
 -90 -110  -60  79.3370 116.7861
 -90 -100   60  79.5681 119.4416
 -90 -100  180  80.5359 109.9257
 -90 -100  -60  79.7787 113.8129
 -90  -90  180  80.5907 106.9109
 -90  -80  180  80.2890 104.4325
 -80  100   60  80.3919 118.0123
 -80  110   60  80.6188 120.0893
 -80  120   60  81.1198 112.5794
 -80  120  -60  80.1770 130.2434
 -80  130   60  80.7577 106.5912
 -80  130  180  79.5413 110.3943
 -80  130  -60  82.8509 114.0596
 -80  140   60  81.1565 103.1427
 -80  140  180  80.3291 105.1138
 -80  140  -60  81.6907 110.7890
 -80  150   60  81.5579 100.8373
 -80  150  180  81.8706 101.5005
 -80  150  -60  81.7273 108.4714
 -80  160   60  81.7919 99.7639
 -80  160  180  82.1907 100.7622
 -80  160  -60  81.7381 107.3264
 -80  170   60  81.8811 99.1015
 -80  170  180  82.1902 99.8329
 -80  170  -60  81.7605 106.8537
 -80  180   60  81.6898 99.0132
 -80  180  180  82.0336 99.7429
 -80  180  -60  81.7111 107.0627
 -80 -180   60  81.6898 99.0132
 -80 -180  180  82.0336 99.7429
 -80 -180  -60  81.7111 107.0627
 -80 -170   60  81.3730 99.7857
 -80 -170  180  81.8455 100.7126
 -80 -170  -60  81.4034 108.1108
 -80 -160   60  81.0150 101.8096
 -80 -160  180  81.3746 103.1812
 -80 -160  -60  80.8557 110.0630
 -80 -150   60  80.4236 104.8189
 -80 -150  180  80.6876 106.2126
 -80 -150  -60  80.2055 112.1953
 -80 -140   60  79.8152 108.7346
 -80 -140  180  80.1603 109.3285
 -80 -140  -60  79.5708 114.0116
 -80 -130   60  79.9857 121.2365
 -80 -130  180  80.4317 111.6218
 -80 -130  -60  80.2190 116.4166
 -80 -120   60  80.1407 118.8539
 -80 -120  180  80.7191 109.5048
 -80 -120  -60  80.6474 114.7515
 -80 -110   60  80.3911 117.0607
 -80 -110  180  81.0799 107.8456
 -80 -110  -60  80.8944 112.9194
 -80 -100   60  80.5453 115.7438
 -80 -100  180  81.2699 106.3999
 -80  -90  180  81.3367 105.4177
 -80  -80  180  80.9095 104.6585
 -80  -70  180  79.7445 103.9370
 -70  100   60  80.4019 124.0447
 -70  110   60  82.1551 113.7544
 -70  110  -60  80.6717 126.4408
 -70  120   60  82.2817 109.6869
 -70  120  -60  83.6097 117.2071
 -70  130   60  81.5594 104.8687
 -70  130  180  81.3363 113.3580
 -70  130  -60  82.6177 114.1525
 -70  140   60  81.6057 102.7168
 -70  140  180  82.2055 107.8835
 -70  140  -60  82.3002 112.0689
 -70  150   60  81.9065 101.7784
 -70  150  180  82.4109 105.1869
 -70  150  -60  82.1682 111.3088
 -70  160   60  82.2475 101.5549
 -70  160  180  82.4730 104.5343
 -70  160  -60  82.0000 111.2949
 -70  170   60  82.2038 101.9488
 -70  170  180  82.4484 104.7696
 -70  170  -60  81.9282 112.1480
 -70  180   60  81.9379 103.3632
 -70  180  180  82.2464 106.0304
 -70  180  -60  81.8760 113.7875
 -70 -180   60  81.9379 103.3632
 -70 -180  180  82.2464 106.0304
 -70 -180  -60  81.8760 113.7875
 -70 -170   60  81.6324 106.0964
 -70 -170  180  81.9485 108.9384
 -70 -170  -60  81.5508 116.2796
 -70 -160   60  81.1804 109.6586
 -70 -160  180  81.4449 111.4319
 -70 -160  -60  81.0508 118.0983
 -70 -150   60  80.7035 112.1871
 -70 -150  180  81.0616 110.6576
 -70 -150  -60  80.6726 116.1686
 -70 -140   60  80.5385 114.7779
 -70 -140  180  80.9880 105.7021
 -70 -140  -60  80.9261 111.6627
 -70 -130   60  80.6639 113.4731
 -70 -130  180  81.2828 104.8626
 -70 -130  -60  81.4363 111.1372
 -70 -120   60  80.8671 112.8954
 -70 -120  180  81.6310 104.3529
 -70 -120  -60  81.9565 110.8732
 -70 -110   60  81.1937 113.4802
 -70 -110  180  82.0499 104.7044
 -70 -110  -60  82.5904 110.7356
 -70 -100   60  81.6060 114.4240
 -70 -100  180  82.4610 105.4787
 -70  -90   60  82.5179 115.8957
 -70  -90  180  82.4260 106.6521
 -70  -80  180  81.7350 107.7900
 -60  100   60  82.2122 114.0096
 -60  110   60  82.6348 110.9366
 -60  110  -60  84.1349 120.2534
 -60  120   60  82.0930 107.6463
 -60  120  180  82.5203 118.7213
 -60  120  -60  83.1963 117.5504
 -60  130   60  82.0913 105.7783
 -60  130  180  83.1819 114.4666
 -60  130  -60  82.8482 116.2236
 -60  140   60  82.1468 105.1407
 -60  140  180  82.9787 111.8236
 -60  140  -60  82.6480 115.9056
 -60  150   60  82.2388 105.3760
 -60  150  180  82.9000 111.3114
 -60  150  -60  82.5609 116.6693
 -60  160   60  82.3941 106.1294
 -60  160  180  83.0011 111.7408
 -60  160  -60  82.4367 118.1237
 -60  170   60  82.4674 107.5048
 -60  170  180  82.8424 112.9357
 -60  170  -60  82.3841 120.0071
 -60  180   60  82.3484 110.0357
 -60  180  180  82.8061 115.2662
 -60  180  -60  82.3161 122.6167
 -60 -180   60  82.3484 110.0357
 -60 -180  180  82.8061 115.2662
 -60 -180  -60  82.3161 122.6167
 -60 -170   60  81.5277 116.2004
 -60 -170  180  82.1602 108.6897
 -60 -170  -60  81.4660 114.8344
 -60 -160   60  81.2293 111.1382
 -60 -160  180  81.7899 103.0850
 -60 -160  -60  81.1712 109.5274
 -60 -150   60  81.1353 108.6051
 -60 -150  180  81.8107 100.4880
 -60 -150  -60  81.3352 106.9733
 -60 -140   60  81.2108 107.4124
 -60 -140  180  81.9876 99.6939
 -60 -140  -60  81.8878 106.2507
 -60 -130   60  81.4618 107.4845
 -60 -130  180  82.2124 100.0460
 -60 -130  -60  82.5560 106.7031
 -60 -120   60  81.9215 108.8328
 -60 -120  180  82.4770 101.4883
 -60 -120  -60  83.2680 110.2596
 -60 -110   60  82.4405 111.4634
 -60 -110  180  82.9431 103.9078
 -60 -100   60  83.3294 114.9129
 -60 -100  180  83.5085 107.3019
 -60  -90  180  83.5100 110.4357
 -50   90   60  81.7678 111.1243
 -50  100   60  82.4183 110.2428
 -50  100  -60  84.8165 120.5073
 -50  110   60  82.5346 109.0648
 -50  110  180  83.4847 119.1979
 -50  110  -60  83.8715 119.6129
 -50  120   60  82.4965 108.6102
 -50  120  180  83.7624 118.8788
 -50  120  -60  83.4758 119.6294
 -50  130   60  82.5428 109.1216
 -50  130  180  83.6818 118.9471
 -50  130  -60  83.2300 120.3569
 -50  140   60  82.8663 110.3943
 -50  140  180  83.6428 119.5813
 -50  140  -60  83.1813 122.2044
 -50  150   60  83.0712 111.9937
 -50  150  180  83.6381 120.6102
 -50  150  -60  83.1322 124.6021
 -50  160   60  83.1124 113.8139
 -50  160  180  83.6079 122.1613
 -50  160  -60  83.0607 127.2387
 -50  170   60  82.9157 118.8748
 -50  170  180  83.7713 115.4845
 -50  170  -60  82.7310 120.9134
 -50  180   60  82.2106 113.9492
 -50  180  180  83.1029 107.9556
 -50  180  -60  82.0989 114.3189
 -50 -180   60  82.2106 113.9492
 -50 -180  180  83.1029 107.9556
 -50 -180  -60  82.0989 114.3189
 -50 -170   60  81.9626 109.0095
 -50 -170  180  82.7705 102.1872
 -50 -170  -60  81.8162 109.0101
 -50 -160   60  81.8554 105.0024
 -50 -160  180  82.5337 98.2118
 -50 -160  -60  81.7168 104.9616
 -50 -150   60  81.8507 103.1081
 -50 -150  180  82.4345 96.5275
 -50 -150  -60  82.0746 103.0186
 -50 -140   60  81.9735 102.8174
 -50 -140  180  82.6670 96.7016
 -50 -140  -60  82.5319 102.5070
 -50 -130   60  82.2006 103.9563
 -50 -130  180  83.1516 98.1863
 -50 -130  -60  83.3392 110.4458
 -50 -120   60  82.7326 106.6059
 -50 -120  180  83.6777 100.9086
 -50 -120  -60  85.3941 118.5799
 -50 -110   60  83.7482 111.5098
 -50 -110  180  84.4768 106.0725
 -50 -100   60  85.1716 118.2457
 -50 -100  180  85.5063 111.3393
 -50  -90  180  85.5106 123.9061
 -40   80   60  80.5272 107.4862
 -40   90   60  81.7988 108.4994
 -40   90  -60  85.9001 118.6992
 -40  100   60  82.4816 108.7952
 -40  100  180  83.2328 119.7288
 -40  100  -60  84.2779 119.5865
 -40  110   60  82.8149 110.1817
 -40  110  180  84.1841 121.3478
 -40  110  -60  83.9372 121.3826
 -40  120   60  83.1010 112.4056
 -40  120  180  84.2665 123.9273
 -40  120  -60  83.8728 123.8547
 -40  130   60  83.3552 115.3740
 -40  130  180  84.3264 127.0189
 -40  130  -60  83.9099 127.1758
 -40  140   60  83.6708 118.3844
 -40  140  180  84.4422 129.8170
 -40  140  -60  83.9719 130.9901
 -40  150   60  83.5985 120.2891
 -40  150  180  84.1279 118.2518
 -40  150  -60  83.1664 121.7260
 -40  160   60  83.0175 115.1368
 -40  160  180  83.7336 111.3737
 -40  160  -60  82.7212 116.3897
 -40  170   60  82.4826 110.4217
 -40  170  180  83.3884 105.4049
 -40  170  -60  82.2778 111.7440
 -40  180   60  82.2383 106.4253
 -40  180  180  83.1341 100.5812
 -40  180  -60  82.1302 107.8497
 -40 -180   60  82.2383 106.4253
 -40 -180  180  83.1341 100.5812
 -40 -180  -60  82.1302 107.8497
 -40 -170   60  82.1024 103.0155
 -40 -170  180  83.0951 97.4548
 -40 -170  -60  82.1447 104.4956
 -40 -160   60  82.0693 100.9993
 -40 -160  180  83.1851 95.9804
 -40 -160  -60  82.4164 102.4615
 -40 -150   60  82.2246 100.4081
 -40 -150  180  83.2916 96.0764
 -40 -150  -60  82.5478 102.8387
 -40 -140   60  82.4795 101.2303
 -40 -140  180  83.5389 97.2661
 -40 -140  -60  83.2541 104.4699
 -40 -130   60  82.8067 104.6101
 -40 -130  180  83.7904 100.9508
 -40 -130  -60  84.2182 108.4096
 -40 -120   60  83.9950 108.5055
 -40 -120  180  84.5545 106.5586
 -40 -110   60  86.5184 118.1715
 -40 -110  180  86.9772 113.7236
 -40 -100  180  86.5678 129.1609
 -30   70   60  78.6699 103.8175
 -30   80   60  80.5784 106.5630
 -30   80  -60  87.2282 115.3363
 -30   90   60  81.7297 108.6107
 -30   90  180  81.9374 118.6347
 -30   90  -60  84.2320 118.3382
 -30  100   60  82.5712 111.3574
 -30  100  180  83.9474 122.4781
 -30  100  -60  83.9721 121.8330
 -30  110   60  83.1273 114.8583
 -30  110  180  84.4785 126.7329
 -30  110  -60  84.1486 126.1765
 -30  120   60  83.6236 119.4944
 -30  120  180  84.7442 131.9062
 -30  120  -60  84.3455 130.9752
 -30  130   60  83.3177 121.9364
 -30  130  180  84.1592 122.4075
 -30  130  -60  82.9325 123.2785
 -30  140   60  83.1822 115.9310
 -30  140  180  83.9841 113.8094
 -30  140  -60  82.7781 117.2715
 -30  150   60  83.0528 110.6510
 -30  150  180  83.7944 106.9504
 -30  150  -60  82.6652 112.1610
 -30  160   60  82.5806 106.6078
 -30  160  180  83.4657 101.9893
 -30  160  -60  82.3817 108.4682
 -30  170   60  82.2883 103.3377
 -30  170  180  83.3208 98.8151
 -30  170  -60  82.2295 105.9950
 -30  180   60  82.1895 101.1997
 -30  180  180  83.2916 96.9186
 -30  180  -60  82.2166 104.1508
 -30 -180   60  82.1895 101.1997
 -30 -180  180  83.2916 96.9186
 -30 -180  -60  82.2166 104.1508
 -30 -170   60  82.2331 100.1945
 -30 -170  180  83.3419 96.6440
 -30 -170  -60  82.3942 103.2604
 -30 -160   60  82.4051 100.0292
 -30 -160  180  83.5504 97.2879
 -30 -160  -60  82.7022 103.1144
 -30 -150   60  82.6463 100.9029
 -30 -150  180  83.9429 98.9844
 -30 -150  -60  83.0757 104.1317
 -30 -140   60  82.8615 104.2967
 -30 -140  180  84.2387 103.2236
 -30 -140  -60  83.4609 107.9941
 -30 -130   60  83.4870 108.6055
 -30 -130  180  84.4640 108.8230
 -30 -130  -60  84.4502 112.7423
 -30 -120   60  85.0556 112.2176
 -30 -120  180  85.1033 115.5512
 -30 -110   60  82.4669 136.8775
 -30 -110  180  86.2957 128.3134
 -30 -100  180  86.5777 122.1544
 -30  -90  180  86.4014 116.0898
 -20   70   60  79.1636 106.0565
 -20   80   60  81.1226 111.2942
 -20   80  -60  83.6265 116.4550
 -20   90   60  82.5114 116.2041
 -20   90  180  82.1265 121.7377
 -20   90  -60  83.4847 122.1641
 -20  100   60  83.5101 120.8149
 -20  100  180  83.7201 128.3166
 -20  100  -60  83.9037 127.6585
 -20  110   60  84.0469 123.6645
 -20  110  180  84.8498 126.9443
 -20  110  -60  83.7174 127.1373
 -20  120   60  83.9786 117.7838
 -20  120  180  84.7372 117.7392
 -20  120  -60  83.3240 120.5496
 -20  130   60  83.5788 112.2036
 -20  130  180  84.4500 109.7939
 -20  130  -60  82.9648 114.6300
 -20  140   60  83.3288 107.1326
 -20  140  180  84.2154 103.6197
 -20  140  -60  82.8043 109.6641
 -20  150   60  82.8987 103.9364
 -20  150  180  83.8086 99.9037
 -20  150  -60  82.5516 106.9589
 -20  160   60  82.4280 101.7490
 -20  160  180  83.5139 97.9475
 -20  160  -60  82.3541 105.3453
 -20  170   60  82.1707 100.6071
 -20  170  180  83.2630 97.4067
 -20  170  -60  82.2326 104.7333
 -20  180   60  82.2224 100.2346
 -20  180  180  83.2117 97.8558
 -20  180  -60  82.2547 104.8066
 -20 -180   60  82.2224 100.2346
 -20 -180  180  83.2117 97.8558
 -20 -180  -60  82.2547 104.8066
 -20 -170   60  82.4365 100.8563
 -20 -170  180  83.3883 99.4386
 -20 -170  -60  82.4975 105.6296
 -20 -160   60  82.6459 102.1720
 -20 -160  180  83.7133 101.9950
 -20 -160  -60  82.9172 107.1097
 -20 -150   60  82.8624 105.0448
 -20 -150  180  84.0670 105.9356
 -20 -150  -60  83.3756 110.4792
 -20 -140   60  83.1245 110.0173
 -20 -140  180  84.3819 112.4064
 -20 -140  -60  83.7820 115.5019
 -20 -130   60  85.3350 140.1140
 -20 -130  180  85.6831 131.1524
 -20 -130  -60  86.4737 131.8446
 -20 -120   60  84.4177 133.8567
 -20 -120  180  85.3145 125.3922
 -20 -120  -60  86.0518 126.3011
 -20 -110   60  82.6981 128.5920
 -20 -110  180  85.5245 120.1466
 -20 -100  180  85.3310 115.5572
 -20  -90  180  85.2671 111.7734
 -20  -80  180  85.2174 108.3050
 -10   60   60  78.3196 105.6470
 -10   70   60  80.5913 111.0414
 -10   70  -60  82.6443 114.8694
 -10   80   60  82.1497 115.9123
 -10   80  180  76.7020 122.2091
 -10   80  -60  82.3955 122.5157
 -10   90   60  83.2500 120.5779
 -10   90  180  81.9842 128.7807
 -10   90  -60  83.0977 128.6666
 -10  100   60  84.1146 125.4616
 -10  100  180  83.7691 135.2296
 -10  100  -60  83.6462 134.5190
 -10  110   60  84.9677 114.7455
 -10  110  180  85.3551 113.6972
 -10  110  -60  84.0063 120.3073
 -10  120   60  84.2596 109.9790
 -10  120  180  84.8747 107.4747
 -10  120  -60  83.2928 114.1567
 -10  130   60  83.6700 105.7267
 -10  130  180  84.5008 102.7085
 -10  130  -60  82.9373 109.9153
 -10  140   60  83.1291 103.9110
 -10  140  180  84.1068 100.6893
 -10  140  -60  82.6410 108.2585
 -10  150   60  82.5764 102.6075
 -10  150  180  83.5858 99.6250
 -10  150  -60  82.2915 107.3820
 -10  160   60  82.1989 101.9184
 -10  160  180  83.2320 99.5676
 -10  160  -60  82.1568 107.2318
 -10  170   60  82.0494 102.3013
 -10  170  180  83.0461 100.8167
 -10  170  -60  82.1341 108.1777
 -10  180   60  82.0634 103.3200
 -10  180  180  83.0137 102.8452
 -10  180  -60  82.1851 109.5478
 -10 -180   60  82.0634 103.3200
 -10 -180  180  83.0137 102.8452
 -10 -180  -60  82.1851 109.5478
 -10 -170   60  82.2876 105.1693
 -10 -170  180  83.2584 105.7685
 -10 -170  -60  82.4295 111.3632
 -10 -160   60  82.7877 108.0643
 -10 -160  180  83.7936 109.5871
 -10 -160  -60  83.0564 113.8769
 -10 -150   60  83.1578 112.8296
 -10 -150  180  84.2030 116.0907
 -10 -150  -60  83.7166 118.7518
 -10 -140   60  85.2006 135.4689
 -10 -140  180  85.6992 126.4843
 -10 -140  -60  85.9791 129.1647
 -10 -130   60  84.7362 130.5404
 -10 -130  180  85.1661 121.8870
 -10 -130  -60  86.3895 124.8585
 -10 -120   60  84.3834 126.5363
 -10 -120  180  84.7122 118.6583
 -10 -120  -60  86.1162 121.1864
 -10 -110   60  83.5006 123.2676
 -10 -110  180  84.3018 115.7494
 -10 -100   60  83.0802 120.2812
 -10 -100  180  84.1326 113.4977
 -10  -90  180  84.1884 111.3469
 -10  -80  180  83.2725 109.2833
