   0  100  83.8459 118.0964
   0  110  86.0284 117.4934
   0  120  86.7440 117.9584
   0  130  86.6903 117.5142
   0  140  86.8170 115.7436
   0  150  87.1792 113.2009
   0  160  86.9309 110.7866
   0  170  86.1146 107.3733
   0  180  85.9255 102.2255
   0 -180  85.9255 102.2255
  10  100  86.3299 116.6300
  10  110  87.7320 118.1512
  10  120  88.3229 117.7339
  10  130  89.2166 115.7268
  10  140  89.6908 113.4876
  10  150  88.9881 110.6425
  10  160  87.8450 107.5327
  10  170  87.0623 103.7397
  20  150  88.7969 107.6871
  20  160  87.8011 104.1624
  20  170  88.2920 101.3858
  30  140  88.4415 108.9468
  30  150  87.7908 105.6062
  30  160  87.6130 102.5135
  40  130  87.4003 111.2875
  40  140  86.7500 108.2495
  40  150  86.5363 105.1037
  50  110  86.1724 117.2368
  50  120  86.1180 114.3824
  50  130  85.3634 111.2208
  50  140  85.0138 109.2161
  60  100  84.1017 119.2583
  60  110  84.7164 115.9257
  60  120  84.4987 114.0392
  60  130  84.1977 112.7917
  60  140  83.4541 112.3800
  70  100  83.3627 114.6934
  70  110  82.7026 112.8077
  70  120  82.6713 112.7271
  70  130  82.2839 112.0710
  80  100  82.4882 110.4627
  80  110  81.8106 110.1039
  80  120  79.5703 109.4693
 100  110  82.4330 108.0529
 100  120  81.9093 106.9140
 100  130  81.4426 107.3591
 100  140  80.9327 105.4782
 110  110  82.4079 109.1616
 110  120  82.2641 109.2268
 110  130  81.9502 108.3494
 110  140  81.7040 107.8829
 120  100  81.2992 112.7063
 120  110  82.0007 111.7905
 120  120  81.9054 110.6237
 120  130  82.0980 111.6088
 120  140  81.7032 113.7685
 130   90  81.6235 112.8560
 130  100  82.1040 111.9660
 130  110  82.2702 112.1131
 130  120  82.5116 113.6860
 130  130  82.8024 114.9426
 140   80  81.2235 109.3072
 140   90  82.4063 110.4547
 140  100  82.9777 112.2659
 140  110  83.4223 114.3836
 140  120  83.9304 115.6243
 150   70  81.1586 107.2496
 150   80  82.7595 109.4539
 150   90  83.4357 111.6669
 150  100  83.9431 114.2177
 150  110  84.5357 115.6429
 150  120  84.7998 116.2854
 160   60  81.0113 106.6429
 160   70  82.7628 108.9873
 160   80  83.4090 111.0022
 160   90  84.3177 113.0181
 160  100  85.0005 114.5841
 160  110  85.6460 114.4928
 160  120  86.1936 113.2396
 160  130  86.5147 111.7307
 160  140  86.3233 109.1039
 170   50  80.8625 107.1700
 170   60  82.4781 108.8507
 170   70  82.9863 110.1181
 170   80  84.2245 111.5281
 170   90  84.8231 112.3830
 170  100  85.2567 112.5738
 170  110  85.2848 111.3556
 170  120  84.9808 109.5935
 170  130  84.0510 108.2647
 170  140  83.9597 107.1781
 170  150  84.0281 105.1414
 170  -80  86.8685 104.8265
 180   40  81.4129 105.8381
 180   50  82.8343 108.5960
 180   60  82.7349 108.7898
 180   70  83.7068 109.5013
 180   80  84.2390 109.9567
 180   90  84.4095 109.9769
 180  100  84.0923 109.2713
 180  110  83.9919 108.3389
 180  120  83.0336 107.3668
 180  130  82.2105 106.2746
 180  140  81.6037 105.3408
 180  -90  86.3542 105.1704
-180   40  81.4129 105.8381
-180   50  82.8343 108.5960
-180   60  82.7349 108.7898
-180   70  83.7068 109.5013
-180   80  84.2390 109.9567
-180   90  84.4095 109.9769
-180  100  84.0923 109.2713
-180  110  83.9919 108.3389
-180  120  83.0336 107.3668
-180  130  82.2105 106.2746
-180  140  81.6037 105.3408
-180  -90  86.3542 105.1704
-170   30  82.1126 106.1050
-170   40  82.7442 105.7472
-170   50  84.7553 105.6091
-170   60  86.0064 106.0327
-170   70  84.4936 106.6610
-170   80  84.1890 106.7214
-170   90  83.7474 106.9365
-170  100  82.7805 106.4123
-170  110  81.6126 105.5949
-170  120  80.4661 104.8596
-170  130  79.7556 103.7201
-170  140  80.0280 104.0602
-170 -100  85.6950 105.1099
-170  -90  86.6549 105.3529
-160   20  83.5413 106.3271
-160   30  82.7931 105.7535
-160   40  84.1646 105.6512
-160   50  85.8145 105.2809
-160   60  86.3971 105.3061
-160   70  83.9534 105.1428
-160   80  83.3650 104.9990
-160   90  82.2538 104.6565
-160  100  80.7847 103.8945
-160  110  79.3166 103.1918
-160  120  77.9122 102.6420
-160  130  77.2709 101.6381
-160 -110  85.1823 104.9833
-160 -100  85.5201 105.8497
-160  -90  86.6205 105.8826
-150    0  85.5212 108.9860
-150   10  84.6824 107.0687
-150   20  83.6194 105.8837
-150   30  83.9950 105.4908
-150   40  85.5031 104.8765
-150   50  86.6554 104.6846
-150   60  86.3768 104.5482
-150   70  83.7642 104.0519
-150   80  82.3755 103.5088
-150   90  80.5583 102.6081
-150  100  78.6122 101.6734
-150  110  76.8062 100.8390
-150  120  75.2764 100.1232
-150  130  74.8577 99.0297
-150  140  76.3583 100.2953
-150 -170  82.6594 103.7936
-150 -130  86.8242 106.0513
-150 -120  85.7821 106.0650
-150 -110  84.7469 105.5694
-150 -100  85.4612 106.0210
-150  -90  86.4238 106.2834
-150  -50  86.1298 104.2589
-150  -40  84.7824 106.4778
-140    0  85.8086 107.1092
-140   10  84.6887 106.2299
-140   20  84.0685 105.1901
-140   30  85.2510 104.5904
-140   40  86.5855 104.3621
-140   50  86.8120 104.3599
-140   60  85.6277 103.8738
-140   70  82.9006 103.1459
-140   80  80.7938 102.0766
-140   90  78.5342 100.6805
-140  100  76.4174 99.3843
-140  110  74.6697 98.1867
-140  120  73.3507 97.2266
-140  130  72.9879 96.8313
-140  140  73.5082 97.2134
-140  150  76.5273 98.4001
-140  160  77.5863 99.7889
-140  170  78.3876 101.6667
-140  180  81.1429 102.7657
-140 -180  81.1429 102.7657
-140 -170  83.5251 104.6291
-140 -160  85.3773 106.3549
-140 -150  87.0654 107.6105
-140 -140  87.1445 106.9900
-140 -130  86.0494 106.3493
-140 -120  84.7677 106.0376
-140 -110  84.1833 105.8082
-140 -100  85.2571 106.5034
-140  -90  86.1995 106.6497
-140  -80  86.3956 106.1938
-140  -70  86.2853 105.1847
-140  -60  85.6866 104.5601
-140  -50  85.2129 104.6730
-140  -40  84.2668 106.0535
-140  -30  83.1206 107.3304
-140  -20  83.6524 107.6173
-140  -10  85.7961 107.6719
-130    0  85.4034 106.3369
-130   10  84.2076 105.4072
-130   20  84.6013 104.7570
-130   30  86.0962 104.1619
-130   40  87.0032 104.0341
-130   50  86.1926 104.0847
-130   60  84.0852 103.1296
-130   70  81.4527 102.0345
-130   80  79.0177 100.3302
-130   90  76.6643 98.6763
-130  100  74.6091 97.0262
-130  110  73.0575 95.5242
-130  120  72.1539 94.6266
-130  130  72.3429 94.4691
-130  140  72.7901 95.8627
-130  150  74.4160 97.3705
-130  160  76.4344 99.3114
-130  170  79.5793 101.0601
-130  180  82.1479 103.4640
-130 -180  82.1479 103.4640
-130 -170  84.2059 105.8277
-130 -160  86.5592 107.6446
-130 -150  87.1499 108.0444
-130 -140  86.2776 107.5778
-130 -130  84.6620 106.1693
-130 -120  83.4464 105.4606
-130 -110  83.9923 106.0802
-130 -100  85.3039 106.6886
-130  -90  86.2336 106.4466
-130  -80  86.1164 105.8084
-130  -70  85.5134 104.8901
-130  -60  85.0955 104.2560
-130  -50  85.0653 104.2684
-130  -40  85.3738 105.2823
-130  -30  85.2396 106.5432
-130  -20  85.9540 107.3509
-130  -10  86.9003 107.1432
-120    0  84.4259 105.8048
-120   10  83.9781 104.9843
-120   20  85.3080 104.2576
-120   30  86.5428 104.3183
-120   40  86.6733 104.0954
-120   50  85.0340 103.7676
-120   60  82.4761 102.5971
-120   70  80.0314 100.8072
-120   80  77.4637 98.7092
-120   90  75.0880 96.6838
-120  100  73.1868 95.0052
-120  110  71.9562 93.7421
-120  120  71.5016 93.1972
-120  130  72.1568 93.5368
-120  140  73.6373 94.9299
-120  150  75.7139 96.9413
-120  160  77.9617 99.4455
-120  170  80.5408 102.2070
-120  180  83.4282 104.9077
-120 -180  83.4282 104.9077
-120 -170  85.5784 106.9937
-120 -160  87.1705 108.2575
-120 -150  86.6218 107.8934
-120 -140  84.9273 106.8180
-120 -130  83.3515 105.9968
-120 -120  82.9863 105.6259
-120 -110  84.1087 106.2145
-120 -100  85.4442 106.1447
-120  -90  85.8987 105.6953
-120  -80  85.5022 104.9355
-120  -70  84.9366 104.1719
-120  -60  84.7700 103.6873
-120  -50  85.1786 104.1199
-120  -40  85.9494 105.3214
-120  -30  86.7295 106.4831
-120  -20  86.8953 107.1228
-120  -10  85.8519 106.6743
-110    0  84.0053 105.5937
-110   10  84.6876 104.6970
-110   20  86.0130 104.2782
-110   30  86.5191 104.1247
-110   40  85.8355 104.0984
-110   50  83.7130 103.1476
-110   60  81.3065 101.4548
-110   70  78.7425 99.3640
-110   80  76.2456 97.0944
-110   90  74.0683 95.2144
-110  100  72.4124 93.6755
-110  110  71.5698 92.8154
-110  120  71.7173 92.8636
-110  130  72.7691 93.8878
-110  140  74.4670 95.7279
-110  150  76.5032 98.2642
-110  160  78.7363 101.1602
-110  170  81.2086 103.9652
-110  180  83.7127 106.2720
-110 -180  83.7127 106.2720
-110 -170  85.9305 107.8976
-110 -160  86.6725 108.6172
-110 -150  85.4662 107.8672
-110 -140  83.3027 106.5520
-110 -130  81.9721 106.1964
-110 -120  82.6055 105.8725
-110 -110  84.1723 105.9546
-110 -100  85.2874 105.4463
-110  -90  85.2620 104.9292
-110  -80  84.6485 104.1052
-110  -70  84.3240 103.5317
-110  -60  84.5525 103.6588
-110  -50  85.2400 104.5178
-110  -40  86.1583 105.7848
-110  -30  86.7075 106.8911
-110  -20  86.1853 107.0437
-110  -10  84.8826 106.3503
-100    0  83.8560 105.2349
-100   10  85.1080 104.5360
-100   20  85.8720 104.7750
-100   30  85.6057 103.9213
-100   40  84.2949 103.8567
-100   50  82.1637 102.5960
-100   60  79.9341 100.4122
-100   70  77.7301 98.1377
-100   80  75.7523 96.0888
-100   90  74.0198 94.4202
-100  100  72.7614 93.3912
-100  110  72.3539 93.2590
-100  120  72.8457 94.0240
-100  130  73.9930 95.5599
-100  140  75.5262 97.7814
-100  150  77.2156 100.4049
-100  160  79.1425 103.2869
-100  170  81.2236 105.7207
-100  180  83.7496 107.4564
-100 -180  83.7496 107.4564
-100 -170  85.5141 108.7161
-100 -160  85.3933 108.4523
-100 -150  83.7562 107.5298
-100 -140  81.7114 106.6526
-100 -130  81.4981 105.8342
-100 -120  82.8413 105.7921
-100 -110  84.4610 105.2450
-100 -100  84.9268 104.7076
-100  -90  84.4483 104.2434
-100  -80  83.9629 103.7037
-100  -70  84.0278 103.5983
-100  -60  84.5921 103.9750
-100  -50  85.3835 104.9653
-100  -40  86.0472 106.1352
-100  -30  86.0159 107.0353
-100  -20  85.1661 106.8740
-100  -10  84.1585 106.2622
 -90    0  83.5020 104.7598
 -90   10  85.2272 104.7629
 -90   20  85.3773 104.5079
 -90   30  84.0980 103.8117
 -90   40  82.3693 103.5292
 -90   50  80.8205 101.8145
 -90   60  79.2163 99.6645
 -90   70  77.7602 97.6042
 -90   80  76.3366 95.7606
 -90   90  74.9341 94.6304
 -90  100  73.9659 94.3893
 -90  110  73.7583 94.9553
 -90  120  74.3135 96.2307
 -90  130  75.3955 98.1484
 -90  140  76.6466 100.4608
 -90  150  78.0297 103.1130
 -90  160  79.5404 105.5076
 -90  170  81.0471 107.4193
 -90  180  83.7050 108.6392
 -90 -180  83.7050 108.6392
 -90 -170  84.7313 109.2968
 -90 -160  83.8891 108.4615
 -90 -150  82.2656 107.5364
 -90 -140  80.9468 106.6737
 -90 -130  81.8426 105.7831
 -90 -120  83.5982 105.0528
 -90 -110  84.6251 104.5661
 -90 -100  84.1385 104.2430
 -90  -90  83.3889 103.8858
 -90  -80  83.4340 103.8384
 -90  -70  83.9923 104.1559
 -90  -60  84.6487 104.4318
 -90  -50  85.1902 105.3168
 -90  -40  85.3806 106.2496
 -90  -30  84.9555 106.7778
 -90  -20  84.1362 106.4519
 -90  -10  83.5559 105.9680
 -80    0  84.5503 104.9270
 -80   10  84.9290 104.7417
 -80   20  84.5634 104.2286
 -80   30  83.2563 103.9325
 -80   40  81.9064 103.0935
 -80   50  80.8398 101.2002
 -80   60  79.8042 99.3846
 -80   70  78.8672 97.5424
 -80   80  77.6268 96.2255
 -80   90  76.2225 95.6682
 -80  100  75.3234 96.1528
 -80  110  75.2718 97.3000
 -80  120  75.9322 98.9539
 -80  130  76.9176 101.0103
 -80  140  77.9330 103.3930
 -80  150  78.9608 105.6452
 -80  160  79.9412 107.5059
 -80  170  80.6949 108.7994
 -80  180  83.4301 109.5874
 -80 -180  83.4301 109.5874
 -80 -170  83.7995 109.3359
 -80 -160  82.4722 108.5124
 -80 -150  81.1510 107.4280
 -80 -140  81.1893 106.0762
 -80 -130  82.5079 105.3656
 -80 -120  83.0780 105.1224
 -80 -110  82.6586 104.8763
 -80 -100  82.5274 103.7845
 -80  -90  82.3219 103.8663
 -80  -80  83.1239 104.2199
 -80  -70  83.9608 104.4168
 -80  -60  84.3934 104.5303
 -80  -50  84.5816 105.1461
 -80  -40  84.4482 105.9273
 -80  -30  83.9365 106.1446
 -80  -20  83.4406 105.8977
 -80  -10  83.2219 104.9939
 -70    0  82.8004 104.6630
 -70   10  83.6987 104.3961
 -70   20  83.0702 103.5818
 -70   30  81.6696 103.6328
 -70   40  81.2676 102.4713
 -70   50  80.8132 101.1254
 -70   60  80.0315 100.2396
 -70   70  79.1548 98.8793
 -70   80  77.9990 98.1747
 -70   90  77.6152 97.4788
 -70  100  76.8315 98.5125
 -70  110  77.0010 100.0686
 -70  120  77.6801 101.9885
 -70  130  78.4655 104.0398
 -70  140  79.1536 106.0540
 -70  150  79.6939 107.8813
 -70  160  80.0662 109.1013
 -70  170  80.1764 109.6565
 -70  180  82.9231 110.0533
 -70 -180  82.9231 110.0533
 -70 -170  82.6741 109.3441
 -70 -160  81.2776 108.3219
 -70 -150  80.5011 106.6689
 -70 -140  81.3356 105.7906
 -70 -130  82.3048 105.3547
 -70 -120  82.2511 104.3369
 -70 -110  80.6377 104.5665
 -70 -100  80.3985 104.6583
 -70  -90  81.8218 104.0793
 -70  -80  83.1546 104.1293
 -70  -70  83.7196 103.7671
 -70  -60  83.7899 103.8068
 -70  -50  83.6854 104.5114
 -70  -40  83.4593 105.0612
 -70  -30  83.2532 105.2026
 -70  -20  83.2012 104.7930
 -70  -10  83.1996 104.5389
 -60    0  82.0363 103.4958
 -60   10  81.8429 103.1096
 -60   20  79.9568 102.8117
 -60   30  80.2222 102.6962
 -60   40  80.6148 102.0174
 -60   50  80.9409 101.8331
 -60   60  80.9892 100.7920
 -60   70  80.5278 99.8437
 -60   80  79.6678 99.6782
 -60   90  78.5089 100.3717
 -60  100  78.1497 101.8216
 -60  110  78.7144 103.0088
 -60  120  79.2884 104.8732
 -60  130  79.7174 106.7761
 -60  140  80.0590 108.3971
 -60  150  80.1944 109.6776
 -60  160  80.1569 110.1981
 -60  170  79.9860 110.0944
 -60  180  82.4654 109.9296
 -60 -180  82.4654 109.9296
 -60 -170  82.0484 109.1027
 -60 -160  80.6805 107.6898
 -60 -150  81.0566 106.3668
 -60 -140  82.1867 105.8276
 -60 -130  82.7262 103.7984
 -60 -120  79.4015 103.3949
 -60 -110  77.9653 104.2598
 -60 -100  79.8338 104.8364
 -60  -90  81.5347 104.5027
 -60  -80  82.2205 103.4383
 -60  -70  82.2145 102.7103
 -60  -60  82.3045 102.4814
 -60  -50  82.5604 103.5316
 -60  -40  82.7329 104.2578
 -60  -30  83.0305 104.5381
 -60  -20  83.3059 103.9832
 -60  -10  83.0772 104.4502
 -50    0  80.7290 101.3089
 -50   10  78.5571 100.4610
 -50   20  78.6277 101.2329
 -50   30  79.7433 101.4599
 -50   40  81.2767 102.1311
 -50   50  82.4654 101.9585
 -50   60  82.5930 100.6792
 -50   70  82.8173 100.5506
 -50   80  81.3270 101.6423
 -50   90  79.8830 103.1085
 -50  100  79.4676 104.7875
 -50  110  79.7729 106.6572
 -50  120  80.3181 107.5388
 -50  130  80.5004 109.3043
 -50  140  80.8641 110.3411
 -50  150  80.7971 111.0025
 -50  160  80.5517 110.7682
 -50  170  80.3529 110.0893
 -50  180  80.3568 109.2773
 -50 -180  80.3568 109.2773
 -50 -170  80.9627 108.0454
 -50 -160  81.4925 106.8314
 -50 -150  82.2781 106.2185
 -50 -140  83.1049 103.5573
 -50 -130  75.5423 100.7729
 -50 -110  77.3547 105.1831
 -50 -100  80.8138 105.3896
 -50  -90  81.1243 103.7308
 -50  -80  80.0757 99.8785
 -50  -60  80.7574 101.3492
 -50  -50  81.4116 102.5788
 -50  -40  82.3310 103.5649
 -50  -30  83.2153 103.4439
 -50  -20  83.4354 103.2690
 -50  -10  82.5131 102.6836
 -40  110  80.7777 109.7480
 -40  120  81.7705 110.1191
 -40  130  81.6942 111.2545
 -40  140  81.7594 111.9397
 -40  150  81.6806 111.7446
 -40  160  81.3425 110.7066
 -40  170  81.2554 109.7762
 -40  180  81.1694 108.6450
 -40 -180  81.1694 108.6450
 -40 -170  81.5924 107.3062
 -40 -160  82.1536 105.6095
 -40 -150  82.8522 103.3961
 -40  -30  83.3595 102.2813
 -40  -20  82.6697 101.5359
 -30  110  82.7836 114.8044
 -30  120  82.5629 112.5901
 -30  130  82.5181 112.9109
 -30  140  82.7674 112.8734
 -30  150  82.7013 111.9723
 -30  160  82.3387 110.6565
 -30  170  82.3399 109.5447
 -30  180  82.1954 108.0558
 -30 -180  82.1954 108.0558
 -30 -170  82.3172 106.0181
 -30 -160  82.9719 103.4205
 -20  110  82.2486 117.2272
 -20  120  83.3182 114.5406
 -20  130  83.5493 114.2056
 -20  140  83.7228 113.5264
 -20  150  83.4953 112.5485
 -20  160  83.5810 111.5625
 -20  170  83.3911 110.0825
 -20  180  83.3841 108.0130
 -20 -180  83.3841 108.0130
 -20 -170  83.7413 104.8309
 -10  110  83.7880 117.9820
 -10  120  84.2137 115.5994
 -10  130  84.6273 115.1468
 -10  140  85.0745 115.6748
 -10  150  84.9517 114.3901
 -10  160  84.7775 112.2589
 -10  170  84.7386 109.9560
 -10  180  84.5387 106.1524
 -10 -180  84.5387 106.1524
 -10 -170  84.9608 103.7459
