   0 -140  85.5130 113.3754
   0 -130  86.9763 113.4111
   0 -120  86.9135 113.0587
   0 -110  86.3919 112.3240
   0 -100  85.9226 110.0151
   0  -90  84.9878 109.7330
  10 -140  87.2832 113.0058
  10 -130  87.9519 114.3781
  10 -120  88.5170 114.3447
  10 -110  89.8836 115.4458
  40 -110  88.4822 107.0983
  50 -130  87.6502 110.8987
  50 -120  87.0552 108.0331
  50 -110  87.6965 105.3910
  60 -140  85.9733 112.3561
  60 -130  85.7392 108.6920
  60 -120  86.1347 106.1987
  70 -150  84.8652 108.8988
  70 -140  84.8094 107.1439
  70 -130  84.8769 106.4674
  70 -120  83.6689 101.3351
  80 -140  84.5791 104.7538
  80 -130  83.3968 108.9787
 120 -140  82.5031 108.4414
 120 -130  83.2034 108.6635
 120 -120  83.3983 108.1437
 130 -150  83.3289 106.5577
 130 -140  83.2407 109.7920
 130 -130  83.5936 110.3508
 140 -160  82.8154 103.3377
 140 -150  83.6137 105.2268
 140 -140  83.8668 112.2831
 140 -130  84.7600 114.5182
 150 -170  82.4691 102.5286
 150 -160  83.6055 105.7329
 150 -150  84.1953 109.5694
 150 -140  85.2774 115.5051
 160  180  82.1669 102.7853
 160 -180  82.1669 102.7853
 160 -170  83.3692 105.8977
 160 -160  84.1662 109.3873
 160 -150  85.1053 111.2632
 160 -140  85.9222 115.8381
 170  170  81.7809 103.2377
 170  180  82.9548 105.5838
 170 -180  82.9548 105.5838
 170 -170  83.5383 107.6635
 170 -160  84.4969 109.0946
 170 -150  85.2398 109.7303
 170 -140  85.7868 111.9569
 170 -130  85.9750 110.6484
 180   30  85.3515 104.4927
 180  160  81.8189 101.4493
 180  170  84.1956 105.4378
 180  180  85.5547 107.0857
 180 -180  85.5547 107.0857
 180 -170  83.9680 106.7061
 180 -160  84.3146 106.6394
 180 -150  84.5899 105.9019
 180 -140  84.7980 104.9784
 180 -130  83.6893 106.5318
 180 -120  83.7808 103.0905
-180   30  85.3515 104.4927
-180  160  81.8189 101.4493
-180  170  84.1956 105.4378
-180  180  85.5547 107.0857
-180 -180  85.5547 107.0857
-180 -170  83.9680 106.7061
-180 -160  84.3146 106.6394
-180 -150  84.5899 105.9019
-180 -140  84.7980 104.9784
-180 -130  83.6893 106.5318
-180 -120  83.7808 103.0905
-170   20  84.9394 105.1329
-170  150  81.8649 100.4246
-170  160  83.4405 101.7481
-170  170  85.2906 102.1052
-170  180  85.8813 104.7501
-170 -180  85.8813 104.7501
-170 -170  83.8399 104.3733
-170 -160  83.9870 102.9159
-170 -150  83.3539 102.1309
-170 -140  82.1688 104.4116
-170 -130  81.0765 102.0314
-170 -120  81.1326 100.2887
-160   10  84.9516 105.1414
-160   20  84.8897 105.5384
-160  140  82.1796 100.4781
-160  150  82.7571 101.6616
-160  160  84.7557 101.6457
-160  170  86.2299 101.6224
-160  180  86.2340 101.8631
-160 -180  86.2340 101.8631
-160 -170  83.6609 101.5297
-160 -160  82.6015 100.6232
-160 -150  81.2252 99.6319
-160 -140  79.9958 97.8177
-160 -130  79.2892 99.2979
-160 -120  78.6420 98.5222
-150    0  84.7040 106.1887
-150   10  84.1720 105.9013
-150   20  85.1199 105.8147
-150   30  86.1137 105.5189
-150   60  86.5493 99.8422
-150   70  86.3183 99.9393
-150   80  84.3935 103.9717
-150  120  82.5177 101.1416
-150  130  82.8746 100.2215
-150  140  82.7249 100.5807
-150  150  84.1616 101.2172
-150  160  86.1818 101.3386
-150  170  86.8430 101.5394
-150  180  85.6781 101.2479
-150 -180  85.6781 101.2479
-150 -170  82.8793 100.5619
-150 -160  81.1624 99.3834
-150 -150  79.4557 98.0323
-150 -140  78.2094 95.5109
-150 -130  77.1049 98.7599
-140    0  83.6777 106.1259
-140   10  83.9842 106.2422
-140   20  85.2014 106.2922
-140   30  86.4448 105.5343
-140   40  86.9937 104.6294
-140   50  86.4533 103.8687
-140   60  86.2986 101.2038
-140   70  85.9487 100.8543
-140   80  84.4027 101.3481
-140   90  82.4291 103.9127
-140  100  82.2613 101.8031
-140  110  83.1401 101.0458
-140  120  83.4712 101.2611
-140  130  82.6856 100.2331
-140  140  83.5052 100.5435
-140  150  85.6352 100.8915
-140  160  87.1840 101.3910
-140  170  86.7166 101.4064
-140  180  84.6725 100.6588
-140 -180  84.6725 100.6588
-140 -170  81.9899 99.7771
-140 -160  79.8892 98.2015
-140 -150  77.8791 96.7875
-140 -140  76.6525 95.0299
-140 -130  75.7162 97.5024
-140  -50  87.4336 111.9721
-140  -40  92.7165 113.2149
-130    0  83.2513 105.9024
-130   10  84.2371 105.8122
-130   20  85.8317 105.6897
-130   30  87.0186 104.9570
-130   40  86.8743 104.1043
-130   50  86.4761 103.3644
-130   60  86.3505 102.4040
-130   70  86.4256 99.7739
-130   80  85.0336 100.3183
-130   90  84.1734 100.7530
-130  100  83.8053 101.0906
-130  110  83.9925 100.4410
-130  120  82.9309 100.1193
-130  130  83.1577 99.9828
-130  140  84.8756 100.4675
-130  150  86.7566 101.1297
-130  160  87.5068 101.6130
-130  170  86.0073 101.2960
-130  180  83.4391 100.5507
-130 -180  83.4391 100.5507
-130 -170  80.9384 98.6007
-130 -160  78.3498 96.7782
-130 -150  76.6191 94.9163
-130 -140  75.3326 94.1715
-130 -130  74.5979 96.5137
-130 -120  74.6207 95.3341
-130 -110  77.8394 97.2427
-130 -100  78.5167 98.6894
-130  -80  77.9648 99.2308
-130  -70  80.9433 105.2452
-130  -60  85.9117 111.5824
-130  -50  91.8526 114.1410
-120    0  83.4009 105.5412
-120   10  84.9204 105.1648
-120   20  86.5100 104.4945
-120   30  86.9858 103.7741
-120   40  86.4618 103.3185
-120   50  86.2021 102.9853
-120   60  85.9901 102.7960
-120   70  86.6103 99.3604
-120   80  86.0662 99.6858
-120   90  85.7374 100.0934
-120  100  84.8115 100.3173
-120  110  83.7867 100.1254
-120  120  83.4054 99.8073
-120  130  84.1488 100.1611
-120  140  86.0151 100.7715
-120  150  87.5156 101.5550
-120  160  86.9832 101.7863
-120  170  84.7145 100.8822
-120  180  82.0869 99.5526
-120 -180  82.0869 99.5526
-120 -170  79.5325 97.2923
-120 -160  77.2047 95.0528
-120 -150  75.5990 93.1228
-120 -140  74.4125 92.5419
-120 -130  73.9045 94.6407
-120 -120  74.1755 94.3276
-120 -110  75.6796 95.6453
-120 -100  77.0420 97.2662
-120  -90  78.7895 99.8889
-120  -80  80.3158 102.9096
-120  -70  84.4502 110.1548
-120  -60  88.5294 113.4709
-120  -50  94.4482 115.3886
-120  -10  82.9250 105.6472
-110    0  83.8705 105.0815
-110   10  85.6728 104.1699
-110   20  86.6696 103.3732
-110   30  86.3069 102.7297
-110   40  85.9453 102.5169
-110   50  85.8355 102.5965
-110   60  86.0075 102.8822
-110   70  86.4455 103.3840
-110   80  86.5913 99.6674
-110   90  85.8652 100.2957
-110  100  84.5984 100.2454
-110  110  83.7380 100.0467
-110  120  83.3825 99.7560
-110  130  85.1348 100.3804
-110  140  86.8009 101.2462
-110  150  87.2325 101.8920
-110  160  85.6164 101.6003
-110  170  83.0636 101.6438
-110  180  80.8626 98.3777
-110 -180  80.8626 98.3777
-110 -170  78.5390 95.8670
-110 -160  76.5177 93.5369
-110 -150  74.8949 91.5402
-110 -140  74.0333 91.2861
-110 -130  74.0326 93.8241
-110 -120  74.5431 94.2664
-110 -110  75.5681 95.7896
-110 -100  76.9735 98.1254
-110  -90  78.6190 101.3841
-110  -80  80.4566 105.1158
-110  -70  85.5389 112.3108
-110  -60  90.9733 114.9202
-110  -10  82.8500 105.7130
-100    0  84.6908 104.4758
-100   10  86.2011 103.3921
-100   20  86.0255 102.6134
-100   30  85.5587 102.1615
-100   40  85.5610 102.0535
-100   50  85.8932 102.4432
-100   60  86.3099 102.8649
-100   70  86.4561 103.4687
-100   80  86.1055 104.0843
-100   90  85.7231 100.3531
-100  100  84.2762 100.2380
-100  110  83.3621 100.0307
-100  120  84.4160 100.2647
-100  130  85.9023 100.8855
-100  140  86.7040 101.6499
-100  150  86.1680 101.8975
-100  160  84.0802 101.1174
-100  170  82.1388 99.6536
-100  180  79.9528 97.1362
-100 -180  79.9528 97.1362
-100 -170  77.9571 94.5687
-100 -160  76.3665 92.3586
-100 -150  75.0700 90.6851
-100 -140  74.5613 90.6709
-100 -130  74.7774 91.0504
-100 -120  75.1665 95.2946
-100 -110  76.3049 97.4732
-100 -100  77.6248 100.4166
-100  -90  79.0571 103.9386
-100  -80  81.1689 107.3265
-100  -70  86.6149 113.9476
-100  -60  91.9263 115.5972
-100  -20  82.9126 106.2259
-100  -10  83.0453 105.5582
 -90    0  85.5700 103.7950
 -90   10  85.9399 102.3710
 -90   20  85.2356 101.8868
 -90   30  84.7677 102.0664
 -90   40  85.4087 102.2072
 -90   50  85.9952 102.5759
 -90   60  86.2433 103.0101
 -90   70  86.1331 103.6389
 -90   80  85.8775 104.1522
 -90   90  84.8708 100.2871
 -90  100  83.6961 100.2353
 -90  110  83.4894 100.2377
 -90  120  85.0331 100.6726
 -90  130  85.9373 101.2992
 -90  140  86.0338 101.8765
 -90  150  84.8064 101.6508
 -90  160  82.9795 100.7417
 -90  170  81.1267 98.6363
 -90  180  79.4848 96.1287
 -90 -180  79.4848 96.1287
 -90 -170  78.2989 93.8980
 -90 -160  77.2215 91.8701
 -90 -150  76.1271 90.7800
 -90 -140  75.7683 91.3265
 -90 -130  75.9719 91.5249
 -90 -120  76.3397 97.4454
 -90 -110  77.2681 99.9117
 -90 -100  78.1857 103.1186
 -90  -90  79.4835 106.5347
 -90  -80  83.2130 112.5618
 -90  -70  87.3742 114.7888
 -90  -60  89.7128 115.0521
 -90  -30  83.4337 107.4949
 -90  -20  82.8764 106.4309
 -90  -10  83.7686 105.3376
 -80    0  85.8471 102.5333
 -80   10  85.0455 101.2811
 -80   20  83.8327 101.3961
 -80   30  84.2584 101.9889
 -80   40  85.3714 102.4870
 -80   50  85.7236 102.7453
 -80   60  85.7634 103.0659
 -80   70  85.6968 103.5549
 -80   80  85.2888 100.0238
 -80   90  84.0856 100.2232
 -80  100  83.4038 100.2512
 -80  110  83.4567 100.4915
 -80  120  85.1216 100.9715
 -80  130  85.4221 101.5556
 -80  140  84.7114 101.7880
 -80  150  83.1448 101.2101
 -80  160  81.8755 99.7781
 -80  170  80.8073 97.9144
 -80  180  80.1547 95.7788
 -80 -180  80.1547 95.7788
 -80 -170  79.6682 93.6967
 -80 -160  78.8032 92.2573
 -80 -150  77.7168 91.7646
 -80 -140  77.3105 93.0901
 -80 -130  77.2966 94.1268
 -80 -120  77.5916 100.2322
 -80 -110  78.0215 102.8669
 -80 -100  78.5798 105.8499
 -80  -90  80.1491 108.7029
 -80  -80  83.8502 113.6432
 -80  -70  86.1738 114.6046
 -80  -60  86.4536 113.9570
 -80  -50  83.2637 111.6325
 -80  -40  83.3264 108.7211
 -80  -30  82.7316 107.3698
 -80  -20  82.8072 106.4028
 -80  -10  84.5809 104.8108
 -70   30  84.7923 101.9245
 -70   40  85.2732 102.2071
 -70   50  85.0533 102.4587
 -70   60  84.9438 102.7421
 -70   70  84.6485 103.1991
 -70   80  84.2585 99.6125
 -70   90  83.6736 99.9763
 -70  100  83.5069 100.2298
 -70  110  83.4166 100.6508
 -70  120  84.8233 101.0490
 -70  130  84.2363 101.3833
 -70  140  83.0802 101.3337
 -70  150  81.9449 100.4209
 -70  160  81.4866 99.1764
 -70  170  80.7419 98.0766
 -70  180  80.6885 96.2760
 -70 -180  80.6885 96.2760
 -70 -170  80.4802 94.7028
 -70 -160  79.8043 93.9071
 -70 -150  79.5839 93.3916
 -70 -140  78.7367 94.4959
 -70 -130  78.4722 96.4860
 -70 -120  78.4586 99.4387
 -70 -110  78.6282 103.8355
 -70 -100  78.8238 107.2767
 -70  -90  80.3684 110.2964
 -70  -80  82.2871 111.6713
 -70  -70  84.0132 112.2623
 -70  -60  84.0873 110.9483
 -70  -50  82.3914 109.6421
 -70  -40  81.9583 108.1780
 -70  -30  84.1819 107.8266
 -70  -20  85.1212 106.4331
 -70  -10  85.9938 105.2547
 -60   50  83.4970 101.4266
 -60   60  83.4806 102.0528
 -60   70  83.4424 102.7283
 -60   80  83.5508 99.4595
 -60   90  83.4331 99.8577
 -60  100  83.4606 100.0790
 -60  110  83.0459 100.2331
 -60  120  83.7192 100.5338
 -60  130  82.4851 100.6138
 -60  140  80.9634 100.1679
 -60  150  81.1391 99.4447
 -60  160  81.0543 99.0870
 -60  170  81.7574 98.0988
 -60  180  82.5646 96.4586
 -60 -180  82.5646 96.4586
 -60 -170  83.1244 95.2111
 -60 -160  82.2115 95.5175
 -60 -150  80.6024 96.7212
 -60 -140  79.6069 98.1782
 -60 -130  79.4442 99.5762
 -60 -120  79.2896 101.4125
 -60 -110  78.8875 103.9795
 -60 -100  78.5837 106.6954
 -60  -90  80.6654 111.1929
 -60  -80  82.0891 111.7016
 -60  -70  81.9383 111.3942
 -60  -60  81.0527 110.0456
 -60  -50  80.5587 108.6368
 -60  -40  83.1372 107.6182
 -60  -30  83.5770 105.3987
 -50   60  83.3145 99.0395
 -50   70  82.6876 102.2786
 -50   80  83.0031 99.2781
 -50   90  83.7258 99.5111
 -50  100  83.5913 99.2901
 -50  110  82.3295 98.9783
 -50  120  80.3512 98.8269
 -50  130  79.2419 98.6470
 -50  140  79.8248 98.4574
 -50  150  80.9173 98.5780
 -50  160  82.0733 98.8247
 -50  170  83.2860 97.8382
 -50  180  85.5026 95.7249
 -50 -180  85.5026 95.7249
 -50 -170  86.4393 95.7977
 -50 -160  84.0083 97.5952
 -50 -150  81.4026 99.5850
 -50 -140  80.3327 101.4354
 -50 -130  80.3475 103.0807
 -50 -120  80.1417 103.8915
 -50 -110  79.8389 106.1447
 -50 -100  79.3384 107.7954
 -50  -90  81.0602 111.3432
 -50  -80  81.1208 110.8589
 -50  -70  80.3420 110.1642
 -50  -60  79.3348 108.6789
 -50  -50  80.5355 107.2356
 -50  -40  82.5135 104.2014
 -40   90  83.4610 102.8407
 -40  100  82.2926 97.8287
 -40  140  79.3304 97.5789
 -40 -130  81.0949 106.2749
 -40 -120  81.7295 106.3193
 -40 -110  80.8841 107.6080
 -40 -100  80.5491 108.3019
 -40  -90  81.1908 110.9231
 -40  -80  80.6212 109.8797
 -40  -70  79.2058 108.5477
 -40  -60  79.9531 106.8108
 -40  -50  82.4346 102.8516
 -30 -130  82.8763 111.4307
 -30 -120  82.5373 108.4693
 -30 -110  82.1752 108.6847
 -30 -100  82.3569 108.1341
 -30  -90  81.7122 110.0982
 -30  -80  80.0703 108.6731
 -30  -70  79.9449 106.8319
 -30  -60  82.3188 102.1957
 -20 -130  83.6252 113.0159
 -20 -120  83.7455 109.9137
 -20 -110  83.7812 109.3767
 -20 -100  83.8152 107.9898
 -20  -90  81.5987 109.8519
 -20  -80  80.8175 107.9934
 -20  -70  82.6467 105.5013
 -10 -130  85.2354 113.1898
 -10 -120  84.9793 110.6157
 -10 -110  84.5493 110.0457
 -10 -100  84.9901 109.5723
 -10  -90  82.3894 109.9685
 -10  -80  83.2900 107.1794
