   0   40   60  70.7093 108.1271
   0   50   60  74.5679 111.3661
   0   60   60  76.8209 113.4019
   0   60  -60  77.9647 110.9210
   0   70   60  78.0100 114.9802
   0   70  180  79.9821 117.1110
   0   70  -60  77.7923 113.6690
   0   80   60  78.8524 116.4556
   0   80  180  78.2869 117.8894
   0   80  -60  78.7710 115.5067
   0   90   60  79.8670 117.8481
   0   90  180  78.9231 119.0624
   0   90  -60  79.4937 116.9752
   0  100   60  80.7497 119.2291
   0  100  180  79.6623 121.2511
   0  100  -60  80.1940 118.4793
   0  110   60  81.4032 120.3304
   0  110  180  80.7468 122.8972
   0  110  -60  81.1789 119.4993
   0  120   60  81.5730 120.9394
   0  120  180  81.1156 124.0226
   0  120  -60  81.3972 119.9790
   0  130   60  81.0352 120.4646
   0  130  180  80.7430 124.1462
   0  130  -60  81.2924 119.2932
   0  140   60  79.8852 119.3692
   0  140  180  79.8814 123.3789
   0  140  -60  80.3384 117.9466
   0  150   60  78.6982 118.0426
   0  150  180  78.9240 122.1814
   0  150  -60  79.2851 116.3896
   0  160   60  77.8650 116.8604
   0  160  180  78.1824 121.1050
   0  160  -60  78.6151 115.0407
   0  170   60  77.4813 116.0894
   0  170  180  77.6688 120.4115
   0  170  -60  78.3399 114.2466
   0  180   60  77.3902 115.8602
   0  180  180  77.4571 120.2531
   0  180  -60  78.4053 114.0710
   0 -180   60  77.3902 115.8602
   0 -180  180  77.4571 120.2531
   0 -180  -60  78.4053 114.0710
   0 -170   60  77.5496 116.2647
   0 -170  180  77.6523 120.8411
   0 -170  -60  78.9315 114.5293
   0 -160   60  77.9507 117.3035
   0 -160  180  78.2324 122.0716
   0 -160  -60  79.8459 115.5144
   0 -150   60  78.6067 118.7445
   0 -150  180  79.1435 123.6415
   0 -150  -60  80.9755 116.7501
   0 -140   60  79.4189 120.4101
   0 -140  180  80.2499 125.2869
   0 -140  -60  82.0902 118.1831
   0 -130   60  80.0277 121.5898
   0 -130  180  81.1848 126.3239
   0 -130  -60  82.9471 119.2823
   0 -120   60  80.0850 121.6837
   0 -120  180  81.3553 126.3890
   0 -120  -60  83.1051 119.5671
   0 -110   60  79.5095 120.7800
   0 -110  180  80.8529 125.5516
   0 -110  -60  82.5146 119.2385
   0 -100   60  78.7950 119.5687
   0 -100  180  80.1517 124.1117
   0 -100  -60  81.4864 118.5324
   0  -90   60  78.3137 118.0050
   0  -90  180  79.4447 122.3549
   0  -90  -60  77.3550 117.8785
   0  -80   60  78.2553 116.5358
   0  -80  180  78.8043 120.5834
   0  -80  -60  72.6003 116.9699
   0  -70   60  79.3138 114.8235
   0  -70  180  78.2770 119.0183
   0  -60   60  86.1620 110.7542
   0  -60  180  77.7308 117.3936
   0  -50  180  76.3859 115.2605
  10   40   60  73.7093 110.8651
  10   50   60  76.1233 113.2593
  10   60   60  77.4181 114.5688
  10   60  180  80.3296 116.6419
  10   60  -60  76.9819 113.3929
  10   70   60  78.1530 115.7139
  10   70  -60  78.4396 115.0945
  10   80   60  79.0588 116.8992
  10   80  -60  79.3361 116.3818
  10   90   60  79.9452 118.3310
  10   90  -60  79.5146 117.8212
  10  100   60  80.7297 119.6936
  10  100  180  80.6381 122.0133
  10  100  -60  80.1389 118.9552
  10  110   60  81.0891 120.6550
  10  110  180  80.8329 123.4782
  10  110  -60  80.8296 119.6265
  10  120   60  80.7799 120.7103
  10  120  180  80.3997 124.0186
  10  120  -60  80.8200 119.5298
  10  130   60  79.7914 119.9235
  10  130  180  79.4888 123.7049
  10  130  -60  79.8973 118.5104
  10  140   60  78.5584 118.7895
  10  140  180  78.4937 122.7793
  10  140  -60  78.7885 117.0373
  10  150   60  77.5449 117.6354
  10  150  180  77.6927 121.7452
  10  150  -60  78.0874 115.7107
  10  160   60  77.0381 116.8177
  10  160  180  77.2323 120.9399
  10  160  -60  77.8710 114.8129
  10  170   60  77.0236 116.3659
  10  170  180  77.1561 120.6150
  10  170  -60  77.9760 114.4015
  10  180   60  77.2541 116.5147
  10  180  180  77.3405 120.8991
  10  180  -60  78.3071 114.6550
  10 -180   60  77.2541 116.5147
  10 -180  180  77.3405 120.8991
  10 -180  -60  78.3071 114.6550
  10 -170   60  77.6123 117.2982
  10 -170  180  77.7546 121.8410
  10 -170  -60  79.1065 115.5346
  10 -160   60  78.1596 118.5263
  10 -160  180  78.4431 123.2798
  10 -160  -60  80.1783 116.6690
  10 -150   60  78.8803 120.0370
  10 -150  180  79.3953 124.8823
  10 -150  -60  81.2139 118.0134
  10 -140   60  79.5173 121.4390
  10 -140  180  80.3197 126.1951
  10 -140  -60  82.0619 119.3067
  10 -130   60  79.7238 122.0984
  10 -130  180  80.7208 126.8029
  10 -130  -60  82.4228 119.9944
  10 -120   60  79.3327 121.6404
  10 -120  180  80.2860 126.4311
  10 -120  -60  82.0601 119.8368
  10 -110   60  78.6185 120.4863
  10 -110  180  79.5153 125.1809
  10 -110  -60  81.1614 119.1088
  10 -100   60  78.0636 119.0096
  10 -100  180  78.8196 123.5719
  10 -100  -60  80.1154 118.1352
  10  -90   60  77.7859 117.4576
  10  -90  180  78.2099 121.7880
  10  -90  -60  75.7090 117.2229
  10  -80   60  78.2949 116.0391
  10  -80  180  77.6930 120.2571
  10  -80  -60  69.7051 115.9305
  10  -70   60  81.2060 113.6050
  10  -70  180  77.2250 118.6810
  10  -60  180  76.3275 116.6812
  10  -50  180  74.3222 113.9379
  20   30   60  72.7532 110.5481
  20   40   60  75.6320 113.1877
  20   50   60  77.1450 114.3522
  20   60   60  78.0562 115.1502
  20   60  -60  76.9390 114.4809
  20   70   60  78.8719 115.9941
  20   70  -60  78.6126 116.1072
  20   80   60  79.2446 117.1379
  20   80  -60  78.5427 117.2759
  20   90   60  79.4279 118.5057
  20   90  -60  79.5838 118.1230
  20  100   60  79.6772 119.7687
  20  100  180  80.2687 122.5442
  20  100  -60  79.6809 118.7659
  20  110   60  79.7473 120.3356
  20  110  180  79.6960 123.4622
  20  110  -60  79.8136 119.0880
  20  120   60  79.2877 120.0148
  20  120  180  78.8745 123.4968
  20  120  -60  79.4688 118.6165
  20  130   60  78.3607 119.1667
  20  130  180  77.9859 122.8847
  20  130  -60  78.5570 117.4653
  20  140   60  77.3434 118.2069
  20  140  180  77.1311 122.0456
  20  140  -60  77.5522 116.2518
  20  150   60  76.5896 117.3729
  20  150  180  76.5480 121.2793
  20  150  -60  77.1586 115.2732
  20  160   60  76.3987 116.8487
  20  160  180  76.4148 120.8769
  20  160  -60  77.2964 114.7702
  20  170   60  76.6600 116.8181
  20  170  180  76.7382 120.9684
  20  170  -60  77.6854 114.8169
  20  180   60  77.1304 117.3839
  20  180  180  77.2157 121.6656
  20  180  -60  78.2139 115.5046
  20 -180   60  77.1304 117.3839
  20 -180  180  77.2157 121.6656
  20 -180  -60  78.2139 115.5046
  20 -170   60  77.5807 118.2851
  20 -170  180  77.7284 122.7259
  20 -170  -60  79.1068 116.4510
  20 -160   60  78.1252 119.5521
  20 -160  180  78.3409 124.2444
  20 -160  -60  80.0312 117.6782
  20 -150   60  78.6856 120.8197
  20 -150  180  79.1086 125.5857
  20 -150  -60  80.7778 118.8264
  20 -140   60  78.9848 121.7755
  20 -140  180  79.6497 126.4847
  20 -140  -60  81.2325 119.7514
  20 -130   60  78.7664 121.8541
  20 -130  180  79.5343 126.6034
  20 -130  -60  81.1379 119.9579
  20 -120   60  78.0880 121.0240
  20 -120  180  78.8227 125.8155
  20 -120  -60  80.4370 119.4236
  20 -110   60  77.5472 119.6433
  20 -110  180  78.0519 124.3647
  20 -110  -60  79.6231 118.4779
  20 -100   60  77.2324 118.1821
  20 -100  180  77.4994 122.7253
  20 -100  -60  78.5429 117.2853
  20  -90   60  77.2932 116.9660
  20  -90  180  77.0309 121.2675
  20  -90  -60  74.0910 116.3924
  20  -80   60  78.6086 115.3019
  20  -80  180  76.6072 119.7216
  20  -70   60  84.5788 110.9154
  20  -70  180  76.0728 118.0060
  20  -60  180  74.8295 115.7851
  20  -50  180  72.6307 112.9335
  30   20   60  71.7538 111.0080
  30   30   60  74.6392 113.1815
  30   40   60  76.4427 114.2607
  30   50   60  77.3739 114.5832
  30   50  -60  75.2458 113.6944
  30   60   60  77.9978 115.0361
  30   60  -60  76.8832 115.4395
  30   70   60  78.3746 115.8604
  30   70  -60  77.5922 116.7153
  30   80   60  78.6260 117.1834
  30   80  -60  78.2695 117.5645
  30   90   60  78.7171 118.4841
  30   90  -60  79.2146 117.9238
  30  100   60  78.4532 119.3483
  30  100  180  79.1558 122.4985
  30  100  -60  79.2431 118.0958
  30  110   60  78.0577 119.5788
  30  110  180  78.1501 122.9687
  30  110  -60  78.6638 118.0437
  30  120   60  77.6119 119.2193
  30  120  180  77.3211 122.7170
  30  120  -60  78.0891 117.4490
  30  130   60  77.0700 118.5240
  30  130  180  76.6612 122.0644
  30  130  -60  77.4384 116.5630
  30  140   60  76.3943 117.8015
  30  140  180  76.0973 121.3917
  30  140  -60  76.7152 115.6659
  30  150   60  75.9258 117.3025
  30  150  180  75.7603 121.0153
  30  150  -60  76.5620 115.1504
  30  160   60  76.1476 117.3705
  30  160  180  75.8165 121.0001
  30  160  -60  76.8776 115.0549
  30  170   60  76.3301 117.5570
  30  170  180  76.3748 121.5401
  30  170  -60  77.4106 115.5434
  30  180   60  76.9060 118.1735
  30  180  180  77.0060 122.3861
  30  180  -60  77.9998 116.3091
  30 -180   60  76.9060 118.1735
  30 -180  180  77.0060 122.3861
  30 -180  -60  77.9998 116.3091
  30 -170   60  77.3764 119.1866
  30 -170  180  77.4875 123.5436
  30 -170  -60  78.7763 117.2875
  30 -160   60  77.7508 120.2714
  30 -160  180  77.8985 124.8322
  30 -160  -60  79.3969 118.3543
  30 -150   60  78.0092 121.3001
  30 -150  180  78.3469 125.8799
  30 -150  -60  79.7989 119.3149
  30 -140   60  77.9343 121.6185
  30 -140  180  78.5572 126.2738
  30 -140  -60  79.9285 119.6911
  30 -130   60  77.5065 121.2396
  30 -130  180  78.1560 125.9775
  30 -130  -60  79.5003 119.5130
  30 -120   60  77.0905 120.1952
  30 -120  180  77.4127 124.9359
  30 -120  -60  78.8206 118.7865
  30 -110   60  76.7932 118.9404
  30 -110  180  76.8383 123.4555
  30 -110  -60  78.1747 117.7089
  30 -100   60  76.6672 117.8570
  30 -100  180  76.4563 122.1255
  30 -100  -60  77.0850 116.5568
  30  -90   60  77.1823 116.6326
  30  -90  180  76.0899 120.7643
  30  -90  -60  73.3034 115.4309
  30  -80   60  79.0173 114.4209
  30  -80  180  75.7000 119.3132
  30  -70  180  75.0401 117.6213
  30  -60  180  73.7616 115.5435
  30  -50  180  72.3092 113.0243
  30  -40  180  71.8223 111.0714
  30  -30  180  72.9374 110.3137
  30  -10   60  68.3550 108.6362
  40   30   60  75.4444 114.1540
  40   40   60  76.5734 114.1319
  40   50   60  76.8418 114.0389
  40   60   60  76.7550 114.4478
  40   70   60  77.0043 115.4828
  40   80   60  77.5103 116.9136
  40   90   60  77.7672 118.0377
  40   90  -60  78.8568 117.2624
  40  100   60  77.4677 118.7327
  40  100  180  77.5825 122.0045
  40  100  -60  78.5721 117.3010
  40  110   60  76.7521 118.8350
  40  110  180  76.3055 121.6270
  40  110  -60  77.6368 117.0674
  40  120   60  76.2625 118.5691
  40  120  180  75.5613 121.3047
  40  120  -60  77.0418 116.6222
  40  130   60  76.0164 118.0694
  40  130  180  75.5903 121.2036
  40  130  -60  76.6362 115.9982
  40  140   60  75.7443 117.6874
  40  140  180  75.4512 120.9829
  40  140  -60  76.1946 115.5809
  40  150   60  75.5182 117.5462
  40  150  180  75.3425 120.9887
  40  150  -60  76.2058 115.4456
  40  160   60  75.5896 117.7076
  40  160  180  75.4360 121.4197
  40  160  -60  76.6030 115.7021
  40  170   60  75.9681 118.1377
  40  170  180  75.9872 122.0091
  40  170  -60  77.1398 116.2071
  40  180   60  76.5201 118.7925
  40  180  180  76.6856 122.8967
  40  180  -60  77.6824 116.9271
  40 -180   60  76.5201 118.7925
  40 -180  180  76.6856 122.8967
  40 -180  -60  77.6824 116.9271
  40 -170   60  77.0006 119.5481
  40 -170  180  77.0880 123.9315
  40 -170  -60  78.2372 117.6778
  40 -160   60  77.1785 120.3484
  40 -160  180  77.2608 124.8315
  40 -160  -60  78.5073 118.5213
  40 -150   60  77.1100 120.8337
  40 -150  180  77.3913 125.4286
  40 -150  -60  78.6205 119.0565
  40 -140   60  76.9219 120.6932
  40 -140  180  77.4017 125.4314
  40 -140  -60  78.5018 119.0351
  40 -130   60  76.6234 120.0532
  40 -130  180  76.9542 124.7061
  40 -130  -60  77.9752 118.5259
  40 -120   60  76.2917 119.1014
  40 -120  180  76.2904 123.5709
  40 -120  -60  77.4828 117.6720
  40 -110   60  76.1738 118.1011
  40 -110  180  75.9170 122.4208
  40 -110  -60  77.0195 116.7048
  40 -100   60  76.3614 117.2521
  40 -100  180  75.6613 121.3172
  40 -100  -60  75.6641 116.0614
  40  -90   60  77.0442 115.9427
  40  -90  180  75.4144 120.1822
  40  -80   60  78.6211 113.5805
  40  -80  180  75.0351 118.9859
  40  -70  180  74.4417 117.6586
  40  -60  180  73.6359 115.8267
  40  -50  180  73.0256 114.1785
  40  -40  180  73.3802 113.3390
  40  -30   60  73.1143 115.2400
  40  -30  180  74.7365 112.7513
  40  -20   60  70.4738 112.3418
  40  -10   60  69.6632 110.7729
  50   40   60  75.8349 113.0868
  50   70   60  75.5718 114.8888
  50   80   60  76.2794 116.4004
  50   90   60  76.7776 117.6256
  50   90  -60  78.4364 116.5997
  50  100   60  76.6294 118.2739
  50  100  -60  77.6649 116.7242
  50  110   60  76.0044 118.3445
  50  110  180  74.7066 120.5239
  50  110  -60  76.7609 116.5949
  50  120   60  75.5577 118.0726
  50  120  180  74.6432 120.4416
  50  120  -60  76.3902 116.2010
  50  130   60  75.4047 117.8707
  50  130  180  74.9740 120.5530
  50  130  -60  76.1551 115.8849
  50  140   60  75.4060 117.8785
  50  140  180  75.1093 120.8543
  50  140  -60  75.9210 115.8971
  50  150   60  75.4166 118.0254
  50  150  180  75.2229 121.3744
  50  150  -60  76.0411 116.0129
  50  160   60  75.4827 118.2709
  50  160  180  75.2961 121.9133
  50  160  -60  76.4667 116.3569
  50  170   60  75.6890 118.6687
  50  170  180  75.6662 122.5351
  50  170  -60  76.9049 116.7775
  50  180   60  76.0920 119.0353
  50  180  180  76.3480 123.2241
  50  180  -60  77.3542 117.2728
  50 -180   60  76.0920 119.0353
  50 -180  180  76.3480 123.2241
  50 -180  -60  77.3542 117.2728
  50 -170   60  76.5083 119.4525
  50 -170  180  76.7097 123.8678
  50 -170  -60  77.6612 117.7523
  50 -160   60  76.5644 119.7631
  50 -160  180  76.6802 124.3038
  50 -160  -60  77.6428 118.1650
  50 -150   60  76.3962 119.7633
  50 -150  180  76.5813 124.3949
  50 -150  -60  77.5458 118.2346
  50 -140   60  76.2558 119.3600
  50 -140  180  76.5005 124.0264
  50 -140  -60  77.3440 117.8909
  50 -130   60  75.9031 118.7530
  50 -130  180  76.1138 123.2903
  50 -130  -60  76.9041 117.3546
  50 -120   60  75.6527 117.9983
  50 -120  180  75.5125 122.3851
  50 -120  -60  76.5606 116.5549
  50 -110   60  75.8198 117.4341
  50 -110  180  75.2584 121.5177
  50 -110  -60  76.2733 115.8141
  50 -100   60  76.2206 116.9048
  50 -100  180  75.1669 120.7899
  50 -100  -60  76.1206 115.5521
  50  -90   60  76.7120 115.7854
  50  -90  180  74.9441 120.1227
  50  -80   60  76.7326 114.1926
  50  -80  180  74.6286 119.4077
  50  -70   60  74.6997 112.2427
  50  -70  180  74.3261 118.0610
  50  -60  180  74.0318 116.7520
  50  -50  180  74.1121 115.8650
  50  -40   60  73.9163 116.5951
  50  -40  180  74.9014 115.2484
  50  -30   60  72.5606 116.1100
  50  -30  180  76.2140 114.0747
  60   80   60  75.4876 115.9926
  60   90   60  76.0681 117.1222
  60   90  -60  77.4671 116.2254
  60  100   60  76.0709 117.6058
  60  100  -60  76.6314 116.3464
  60  110   60  75.6589 117.6858
  60  110  180  74.3467 119.5192
  60  110  -60  76.3421 116.1702
  60  120   60  75.3426 117.7777
  60  120  180  74.5134 119.4936
  60  120  -60  76.1189 116.0795
  60  130   60  75.1500 117.9441
  60  130  180  74.8378 120.4001
  60  130  -60  76.0087 116.1746
  60  140   60  75.1570 118.2679
  60  140  180  75.0817 121.1549
  60  140  -60  75.9378 116.4197
  60  150   60  75.3875 118.5024
  60  150  180  75.2979 121.8421
  60  150  -60  76.1382 116.6715
  60  160   60  75.7101 118.6204
  60  160  180  75.4188 122.3522
  60  160  -60  76.4951 116.8514
  60  170   60  75.9745 118.5953
  60  170  180  75.6436 122.7467
  60  170  -60  76.8121 116.9531
  60  180   60  76.2051 118.5963
  60  180  180  76.1932 122.9955
  60  180  -60  77.1687 116.9953
  60 -180   60  76.2051 118.5963
  60 -180  180  76.1932 122.9955
  60 -180  -60  77.1687 116.9953
  60 -170   60  76.3284 118.5995
  60 -170  180  76.4928 123.0634
  60 -170  -60  77.2159 117.0851
  60 -160   60  76.1457 118.5289
  60 -160  180  76.3185 123.0426
  60 -160  -60  76.9971 117.1130
  60 -150   60  75.9653 118.2514
  60 -150  180  76.0632 122.8228
  60 -150  -60  76.7895 116.8618
  60 -140   60  75.8251 117.8582
  60 -140  180  75.9243 122.4161
  60 -140  -60  76.5940 116.4576
  60 -130   60  75.5832 117.4694
  60 -130  180  75.6441 121.9479
  60 -130  -60  76.2448 116.0219
  60 -120   60  75.5190 117.1097
  60 -120  180  75.1390 121.3735
  60 -120  -60  76.0612 115.5466
  60 -110   60  75.8927 117.0226
  60 -110  180  74.9521 121.1412
  60 -110  -60  75.7301 115.6715
  60 -100   60  76.0630 116.8585
  60 -100  180  74.9997 120.9221
  60 -100  -60  76.9492 115.8228
  60  -90   60  76.1803 116.1717
  60  -90  180  75.0155 120.4498
  60  -80   60  75.6236 115.2201
  60  -80  180  74.9042 119.5285
  60  -70   60  75.5886 115.2073
  60  -70  180  74.7656 118.5990
  60  -60   60  75.8073 115.8417
  60  -60  180  74.7798 117.6791
  60  -50   60  74.4406 116.8363
  60  -50  180  75.2651 116.7124
  60  -40   60  73.4665 116.6954
  60  -40  180  76.1497 115.9941
  70   70   60  74.6261 113.8820
  70   80   60  75.4951 115.5308
  70   90   60  75.8882 116.3616
  70   90  -60  76.3109 116.0311
  70  100   60  75.8743 116.8968
  70  100  -60  76.3199 115.9445
  70  110   60  75.6579 117.3727
  70  110  180  74.9650 118.6696
  70  110  -60  76.2967 115.9305
  70  120   60  75.4794 117.7775
  70  120  180  74.8157 119.2080
  70  120  -60  76.2202 116.2292
  70  130   60  75.5141 118.1348
  70  130  180  75.0322 120.7148
  70  130  -60  76.2245 116.7306
  70  140   60  75.4468 118.4395
  70  140  180  75.3290 121.6613
  70  140  -60  76.2617 117.0233
  70  150   60  75.6134 118.6514
  70  150  180  75.5708 122.1600
  70  150  -60  76.4585 117.0578
  70  160   60  75.7342 118.3990
  70  160  180  75.7046 122.3664
  70  160  -60  76.6964 116.7493
  70  170   60  75.9873 118.0205
  70  170  180  75.9046 122.2968
  70  170  -60  76.8935 116.3869
  70  180   60  76.2571 117.7139
  70  180  180  76.2775 122.0656
  70  180  -60  77.1040 116.1469
  70 -180   60  76.2571 117.7139
  70 -180  180  76.2775 122.0656
  70 -180  -60  77.1040 116.1469
  70 -170   60  76.2671 117.3992
  70 -170  180  76.4700 121.7626
  70 -170  -60  76.9784 115.8903
  70 -160   60  76.0204 117.0658
  70 -160  180  76.2381 121.5683
  70 -160  -60  76.6465 115.7013
  70 -150   60  75.8196 116.8286
  70 -150  180  75.8562 121.3403
  70 -150  -60  76.3904 115.5279
  70 -140   60  75.6052 116.6364
  70 -140  180  75.6586 121.1284
  70 -140  -60  76.2236 115.1981
  70 -130   60  75.4829 116.5244
  70 -130  180  75.5456 120.9730
  70 -130  -60  75.9795 115.0025
  70 -120   60  75.7102 116.7473
  70 -120  180  75.1769 121.1469
  70 -120  -60  75.9289 115.1395
  70 -110   60  76.1611 116.9184
  70 -110  180  74.9397 121.3137
  70 -110  -60  75.7379 115.9126
  70 -100   60  76.1402 117.1948
  70 -100  180  75.1515 121.0994
  70  -90   60  75.9529 116.6805
  70  -90  180  75.3597 120.6204
  70  -80   60  75.8907 116.2625
  70  -80  180  75.2612 119.9310
  70  -70   60  75.2378 116.2664
  70  -70  180  75.2705 118.9696
  70  -60   60  74.0022 116.4542
  70  -60  180  75.5224 117.7926
  70  -50   60  73.9474 116.7658
  70  -50  180  75.9152 117.3267
  70  -40   60  74.0698 116.7470
  70  -40  180  76.5884 116.8458
  80   70   60  75.1098 113.7845
  80   80   60  75.7107 115.0022
  80   80  -60  76.7203 115.8621
  80   90   60  75.9002 116.0557
  80   90  -60  77.3696 115.1924
  80  100   60  75.6569 116.6799
  80  100  -60  77.0057 114.8529
  80  110   60  75.6885 117.5776
  80  110  180  75.4750 118.3982
  80  110  -60  76.6476 116.1483
  80  120   60  75.7079 118.0809
  80  120  180  75.2171 119.8827
  80  120  -60  76.6227 116.9097
  80  130   60  75.6945 118.5356
  80  130  180  75.3652 121.4060
  80  130  -60  76.7463 117.4822
  80  140   60  75.8547 118.6020
  80  140  180  75.6382 122.0184
  80  140  -60  76.7856 117.4575
  80  150   60  76.1356 118.2974
  80  150  180  75.8978 122.1613
  80  150  -60  76.8405 116.8894
  80  160   60  76.1987 117.6636
  80  160  180  76.0351 121.8154
  80  160  -60  76.9036 116.1171
  80  170   60  76.1649 117.0012
  80  170  180  76.2463 121.2631
  80  170  -60  77.0013 115.4567
  80  180   60  76.2977 116.5066
  80  180  180  76.5418 120.8493
  80  180  -60  77.1133 115.0528
  80 -180   60  76.2977 116.5066
  80 -180  180  76.5418 120.8493
  80 -180  -60  77.1133 115.0528
  80 -170   60  76.3902 116.1075
  80 -170  180  76.6087 120.5660
  80 -170  -60  76.8891 114.7378
  80 -160   60  76.1607 115.8510
  80 -160  180  76.3599 120.3413
  80 -160  -60  76.5084 114.5434
  80 -150   60  75.8450 115.7992
  80 -150  180  75.9154 120.2666
  80 -150  -60  76.2710 114.4610
  80 -140   60  75.5421 115.9821
  80 -140  180  75.6019 120.4835
  80 -140  -60  76.1798 114.5139
  80 -130   60  75.4367 116.4702
  80 -130  180  75.5743 120.9318
  80 -130  -60  76.0073 114.8603
  80 -120   60  75.9375 116.9298
  80 -120  180  75.7126 121.2733
  80 -120  -60  75.9977 115.4099
  80 -110   60  76.0578 117.5117
  80 -110  180  75.7765 121.6453
  80 -110  -60  75.5136 116.4715
  80 -100   60  76.1836 117.4735
  80 -100  180  75.7970 121.4802
  80  -90   60  76.0940 116.9280
  80  -90  180  75.7694 120.9356
  80  -80   60  76.1374 116.8097
  80  -80  180  75.8502 119.7539
  80  -70   60  75.0052 116.5155
  80  -70  180  76.0102 118.8509
  80  -60   60  74.5967 116.6871
  80  -60  180  76.1521 118.2822
  80  -50   60  74.0601 116.6482
  80  -50  180  76.2704 117.5400
  80  -40  180  76.4451 116.5941
  90   60   60  74.0383 110.7670
  90   70   60  75.3661 112.2719
  90   80   60  75.8977 113.6883
  90   90   60  75.7783 115.0884
  90  100   60  75.7212 116.3297
  90  100  -60  78.1445 114.2562
  90  110   60  75.9453 117.8314
  90  110  180  73.8614 118.2141
  90  110  -60  77.2422 115.9226
  90  120   60  76.0392 118.3326
  90  120  180  75.3906 120.4546
  90  120  -60  77.1859 117.5688
  90  130   60  76.0908 118.3573
  90  130  180  75.8216 121.7896
  90  130  -60  77.2905 117.5982
  90  140   60  76.2031 117.9851
  90  140  180  75.9501 121.4977
  90  140  -60  77.1425 116.9440
  90  150   60  76.3761 117.3251
  90  150  180  76.0345 120.9418
  90  150  -60  77.0453 115.9727
  90  160   60  76.5195 116.5611
  90  160  180  76.2994 120.5659
  90  160  -60  77.0603 115.1272
  90  170   60  76.3976 115.9772
  90  170  180  76.5455 120.1391
  90  170  -60  77.1049 114.6063
  90  180   60  76.4136 115.4574
  90  180  180  76.7885 119.8310
  90  180  -60  77.1555 114.1390
  90 -180   60  76.4136 115.4574
  90 -180  180  76.7885 119.8310
  90 -180  -60  77.1555 114.1390
  90 -170   60  76.5267 115.2047
  90 -170  180  76.7712 119.7051
  90 -170  -60  76.8804 113.9616
  90 -160   60  76.3269 115.1197
  90 -160  180  76.6210 119.6438
  90 -160  -60  76.4799 113.8522
  90 -150   60  75.9243 115.3730
  90 -150  180  76.2499 120.0349
  90 -150  -60  76.2972 114.0274
  90 -140   60  75.5911 115.9559
  90 -140  180  75.7957 120.5521
  90 -140  -60  76.3061 114.4803
  90 -130   60  75.5128 116.7985
  90 -130  180  75.7669 121.1811
  90 -130  -60  76.1687 115.0561
  90 -120   60  75.9287 117.6217
  90 -120  180  76.0628 121.7428
  90 -120  -60  76.1397 115.7960
  90 -110   60  75.8666 117.6471
  90 -110  180  76.1428 121.9490
  90 -110  -60  75.3150 116.3958
  90 -100   60  75.6766 117.0998
  90 -100  180  75.9404 121.3026
  90  -90   60  75.7157 116.6319
  90  -90  180  75.7754 120.2552
  90  -80   60  76.5098 116.9575
  90  -80  180  75.8508 119.4288
  90  -70   60  75.0227 116.5779
  90  -70  180  76.1379 118.7820
  90  -60   60  74.4559 116.5166
  90  -60  180  76.3792 118.0766
  90  -50  180  76.4238 117.2575
 100   80   60  76.0726 113.8925
 100   90   60  75.9679 115.6310
 100  100   60  75.8899 116.6030
 100  100  -60  78.4390 114.9404
 100  110   60  76.2261 117.9889
 100  110  -60  77.5259 116.5757
 100  120   60  76.3844 118.0909
 100  120  180  75.7465 121.0521
 100  120  -60  77.6018 117.7032
 100  130   60  76.4295 117.6941
 100  130  180  75.7013 121.1991
 100  130  -60  77.4063 117.0744
 100  140   60  76.4939 117.1796
 100  140  180  76.2088 120.3043
 100  140  -60  77.2036 116.1914
 100  150   60  76.6007 116.6648
 100  150  180  76.3222 119.9750
 100  150  -60  77.1812 115.4729
 100  160   60  76.7436 116.0914
 100  160  180  76.5694 119.9885
 100  160  -60  77.2655 114.9200
 100  170   60  76.5913 115.5187
 100  170  180  76.7468 119.7405
 100  170  -60  77.2411 114.4213
 100  180   60  76.5083 115.0978
 100  180  180  76.8285 119.5860
 100  180  -60  77.1920 113.9775
 100 -180   60  76.5083 115.0978
 100 -180  180  76.8285 119.5860
 100 -180  -60  77.1920 113.9775
 100 -170   60  76.5038 114.8694
 100 -170  180  76.6114 119.4916
 100 -170  -60  76.8812 113.6666
 100 -160   60  76.3217 114.9291
 100 -160  180  76.5000 119.5361
 100 -160  -60  76.4860 113.6382
 100 -150   60  75.9917 115.3971
 100 -150  180  76.3986 120.0792
 100 -150  -60  76.3688 113.9409
 100 -140   60  75.8726 116.1592
 100 -140  180  76.3525 120.7024
 100 -140  -60  76.4647 114.4340
 100 -130   60  75.9841 117.0552
 100 -130  180  76.3883 121.2921
 100 -130  -60  76.3673 115.0937
 100 -120   60  76.1232 117.4102
 100 -120  180  76.4531 121.4073
 100 -120  -60  76.0980 115.4178
 100 -110   60  75.9297 117.1156
 100 -110  180  76.3542 121.1154
 100 -110  -60  75.0932 115.6055
 100 -100   60  75.8739 116.6285
 100 -100  180  76.2919 120.3936
 100 -100  -60  73.4890 115.4362
 100  -90   60  75.6707 116.5595
 100  -90  180  76.3707 119.7652
 100  -80   60  75.4393 116.6584
 100  -80  180  76.6876 119.3376
 100  -70   60  75.0804 116.5599
 100  -70  180  76.8224 118.7913
 100  -60  180  76.5692 117.9508
 110   80   60  76.2087 114.6616
 110   90   60  76.1318 115.9366
 110  100   60  76.2813 117.3720
 110  100  -60  77.7451 116.0861
 110  110   60  76.5708 117.4105
 110  110  -60  77.6237 117.3680
 110  120   60  76.6618 117.2111
 110  120  180  75.7673 119.8167
 110  120  -60  77.5073 116.9961
 110  130   60  76.7343 117.0464
 110  130  180  76.3707 119.8541
 110  130  -60  77.3096 116.5181
 110  140   60  76.8382 117.0133
 110  140  180  76.5940 119.9637
 110  140  -60  77.3216 116.2705
 110  150   60  76.9467 116.8572
 110  150  180  76.9331 120.4081
 110  150  -60  77.4976 116.0856
 110  160   60  77.0188 116.5797
 110  160  180  77.2054 120.5059
 110  160  -60  77.6032 115.9279
 110  170   60  76.8072 115.9494
 110  170  180  77.2674 120.3855
 110  170  -60  77.4269 115.3369
 110  180   60  76.5741 115.1951
 110  180  180  77.1150 119.8630
 110  180  -60  77.2101 114.1803
 110 -180   60  76.5741 115.1951
 110 -180  180  77.1150 119.8630
 110 -180  -60  77.2101 114.1803
 110 -170   60  76.4810 114.6555
 110 -170  180  76.9271 119.3435
 110 -170  -60  76.9009 113.3000
 110 -160   60  76.2553 114.6512
 110 -160  180  76.6956 119.3442
 110 -160  -60  76.5550 113.1472
 110 -150   60  76.0411 115.0624
 110 -150  180  76.4418 119.7081
 110 -150  -60  76.4269 113.3923
 110 -140   60  76.1200 115.7124
 110 -140  180  76.3922 120.2493
 110 -140  -60  76.5344 113.8349
 110 -130   60  76.2774 116.1576
 110 -130  180  76.4980 120.5543
 110 -130  -60  76.5621 114.1845
 110 -120   60  76.3262 116.4702
 110 -120  180  76.5878 120.3860
 110 -120  -60  76.2155 114.3829
 110 -110   60  76.2562 116.4507
 110 -110  180  76.6525 120.1758
 110 -110  -60  75.7511 114.4700
 110 -100   60  76.1814 116.7366
 110 -100  180  76.7249 120.2081
 110 -100  -60  74.8526 114.6957
 110  -90   60  76.0788 117.5140
 110  -90  180  76.9645 120.3659
 110  -90  -60  74.9391 114.1748
 110  -80   60  76.0995 117.2440
 110  -80  180  76.9318 119.9570
 110  -70  180  76.7235 119.0274
 120   80   60  76.3645 115.0747
 120   90   60  76.5004 115.3371
 120   90  -60  77.9626 115.6266
 120  100   60  76.8191 116.3113
 120  100  -60  77.5973 116.5442
 120  110   60  77.0349 116.4689
 120  110  -60  77.5945 116.4554
 120  120   60  77.1194 116.7547
 120  120  180  75.9547 119.7042
 120  120  -60  77.4339 116.5229
 120  130   60  77.2327 117.3061
 120  130  180  76.7738 119.8945
 120  130  -60  77.4738 116.9123
 120  140   60  77.4030 117.9357
 120  140  180  77.4753 121.2162
 120  140  -60  77.7362 117.6699
 120  150   60  77.5124 118.4391
 120  150  180  77.5365 122.2767
 120  150  -60  78.0305 118.2199
 120  160   60  77.4442 117.7718
 120  160  180  77.6141 122.2281
 120  160  -60  78.0006 117.6288
 120  170   60  77.0505 115.7039
 120  170  180  77.5803 120.5264
 120  170  -60  77.6170 115.2245
 120  180   60  76.6922 114.7867
 120  180  180  77.4206 119.7543
 120  180  -60  77.2948 113.1327
 120 -180   60  76.6922 114.7867
 120 -180  180  77.4206 119.7543
 120 -180  -60  77.2948 113.1327
 120 -170   60  76.5063 113.7632
 120 -170  180  77.2162 118.8779
 120 -170  -60  77.0066 112.2374
 120 -160   60  76.2497 113.6733
 120 -160  180  77.0454 118.4952
 120 -160  -60  76.7340 111.9209
 120 -150   60  76.0601 113.9334
 120 -150  180  76.8289 118.7017
 120 -150  -60  76.5314 112.1392
 120 -140   60  76.0735 114.3296
 120 -140  180  76.6582 118.9207
 120 -140  -60  76.6097 112.5384
 120 -130   60  76.1193 114.8966
 120 -130  180  76.6612 119.2006
 120 -130  -60  76.8464 112.9282
 120 -120   60  76.3098 115.6871
 120 -120  180  76.7671 119.7393
 120 -120  -60  76.9204 113.4426
 120 -110   60  76.5497 117.0780
 120 -110  180  76.8767 121.0046
 120 -110  -60  76.9179 114.4646
 120 -100   60  77.0031 119.1432
 120 -100  180  77.1650 121.4403
 120 -100  -60  76.3395 115.0622
 120  -90   60  76.6931 119.2425
 120  -90  180  77.1091 121.8905
 120  -90  -60  75.4723 115.2932
 120  -80   60  75.9480 117.7372
 120  -80  180  77.1741 121.0951
 120  -70  180  76.7884 118.8270
 130   70   60  77.6637 113.6260
 130   80   60  76.8764 113.9647
 130   90   60  77.2551 114.9799
 130   90  -60  77.7131 115.4249
 130  100   60  77.5493 115.4003
 130  100  -60  77.8496 115.4880
 130  110   60  77.7468 116.3158
 130  110  180  75.8752 119.2301
 130  110  -60  77.7598 116.1531
 130  120   60  77.8735 117.4022
 130  120  180  77.1865 120.0624
 130  120  -60  77.7616 117.1962
 130  130   60  78.0173 118.9290
 130  130  180  77.7968 122.4314
 130  130  -60  78.0335 118.9573
 130  140   60  78.1800 120.1310
 130  140  180  78.1780 124.1634
 130  140  -60  78.4238 120.3462
 130  150   60  78.1525 120.1293
 130  150  180  78.3814 124.8733
 130  150  -60  78.5748 120.1842
 130  160   60  77.6881 116.8861
 130  160  180  78.2497 122.5518
 130  160  -60  78.1399 114.8004
 130  170   60  77.2797 114.8150
 130  170  180  77.9789 119.9338
 130  170  -60  77.7155 112.6814
 130  180   60  76.8595 113.2885
 130  180  180  77.7003 118.3281
 130  180  -60  77.4021 111.3596
 130 -180   60  76.8595 113.2885
 130 -180  180  77.7003 118.3281
 130 -180  -60  77.4021 111.3596
 130 -170   60  76.5296 112.2699
 130 -170  180  77.4160 117.1086
 130 -170  -60  77.1603 110.4836
 130 -160   60  76.2242 112.1567
 130 -160  180  77.1518 116.8264
 130 -160  -60  76.8704 110.3963
 130 -150   60  76.0147 112.5515
 130 -150  180  76.9372 117.1462
 130 -150  -60  76.6649 110.8875
 130 -140   60  75.8419 113.2235
 130 -140  180  76.8774 117.8580
 130 -140  -60  76.7230 111.5353
 130 -130   60  75.9222 114.6171
 130 -130  180  76.9637 119.2995
 130 -130  -60  76.9905 112.7205
 130 -120   60  76.4282 116.6739
 130 -120  180  77.1400 121.4978
 130 -120  -60  77.4226 114.3532
 130 -110   60  77.3858 120.5034
 130 -110  180  77.9007 123.5514
 130 -110  -60  78.3228 116.5025
 130 -100   60  77.7097 121.4271
 130 -100  180  77.8361 124.4579
 130 -100  -60  78.4844 116.9474
 130  -90   60  77.0078 119.6739
 130  -90  180  77.7615 123.4220
 130  -80  180  77.5671 120.8335
 140   70   60  77.6656 112.6280
 140   80   60  77.9553 113.6644
 140   80  -60  77.9256 114.1803
 140   90   60  78.2147 114.3833
 140   90  -60  78.2815 114.4415
 140  100   60  78.4719 115.6287
 140  100  180  76.2775 119.4331
 140  100  -60  78.2844 115.4532
 140  110   60  78.6612 117.4941
 140  110  180  77.5227 120.6985
 140  110  -60  78.2627 117.3437
 140  120   60  78.8211 119.5525
 140  120  180  78.3327 123.3502
 140  120  -60  78.4949 119.6402
 140  130   60  79.0018 121.1627
 140  130  180  78.8704 125.5805
 140  130  -60  78.9240 121.6916
 140  140   60  78.9468 121.4087
 140  140  180  79.1272 126.4440
 140  140  -60  79.1153 121.7461
 140  150   60  78.1567 117.3366
 140  150  180  78.8367 122.4353
 140  150  -60  78.5250 114.6349
 140  160   60  77.6958 114.6073
 140  160  180  78.4585 119.8998
 140  160  -60  78.0542 112.2251
 140  170   60  77.2992 112.5925
 140  170  180  78.0591 117.6840
 140  170  -60  77.6751 110.5580
 140  180   60  76.9335 111.1952
 140  180  180  77.7535 116.0591
 140  180  -60  77.4421 109.4092
 140 -180   60  76.9335 111.1952
 140 -180  180  77.7535 116.0591
 140 -180  -60  77.4421 109.4092
 140 -170   60  76.5346 110.7916
 140 -170  180  77.4458 115.6040
 140 -170  -60  77.1482 109.1566
 140 -160   60  76.2787 110.9775
 140 -160  180  77.1721 115.8034
 140 -160  -60  76.9382 109.4261
 140 -150   60  76.0637 111.7482
 140 -150  180  77.0055 116.7960
 140 -150  -60  76.8243 110.3055
 140 -140   60  75.9724 113.2907
 140 -140  180  77.0535 118.8281
 140 -140  -60  76.8422 111.8239
 140 -130   60  76.3424 115.6669
 140 -130  180  77.3733 121.6499
 140 -130  -60  77.1599 114.0160
 140 -120   60  76.9655 118.6658
 140 -120  180  78.0582 125.6433
 140 -120  -60  78.3483 118.0601
 140 -110   60  78.3883 122.9422
 140 -110  180  78.7468 126.5900
 140 -110  -60  78.2530 118.4797
 140 -100   60  77.9792 121.1010
 140 -100  180  78.4987 124.9888
 140 -100  -60  77.8227 117.0035
 140  -90   60  77.3728 118.4417
 140  -90  180  78.1900 122.1592
 140  -80  180  77.7079 118.7893
 150   60   60  78.7557 112.5471
 150   70   60  78.8940 112.7267
 150   70  -60  77.9784 113.2153
 150   80   60  79.0833 113.5405
 150   80  -60  78.7538 113.4535
 150   90   60  79.2522 115.0542
 150   90  180  76.0598 119.2074
 150   90  -60  78.9531 114.8386
 150  100   60  79.3848 117.2033
 150  100  180  78.0684 120.6793
 150  100  -60  78.9467 117.0607
 150  110   60  79.5405 119.5336
 150  110  180  79.1768 123.8547
 150  110  -60  79.0480 119.7207
 150  120   60  79.7381 121.1881
 150  120  180  79.6264 125.8120
 150  120  -60  79.3485 121.7850
 150  130   60  79.1365 120.5878
 150  130  180  79.7785 126.5551
 150  130  -60  78.9599 117.8064
 150  140   60  78.4843 117.4296
 150  140  180  79.1427 122.3500
 150  140  -60  78.5417 114.6176
 150  150   60  77.7983 114.6074
 150  150  180  78.6198 119.7316
 150  150  -60  77.9717 112.0072
 150  160   60  77.2853 112.3893
 150  160  180  78.0987 117.3569
 150  160  -60  77.5726 110.1721
 150  170   60  77.0117 110.8140
 150  170  180  77.7605 115.6137
 150  170  -60  77.3657 109.0079
 150  180   60  76.7130 110.1408
 150  180  180  77.4778 115.0037
 150  180  -60  77.0998 108.4612
 150 -180   60  76.7130 110.1408
 150 -180  180  77.4778 115.0037
 150 -180  -60  77.0998 108.4612
 150 -170   60  76.5127 110.0524
 150 -170  180  77.2895 115.0296
 150 -170  -60  76.9468 108.5384
 150 -160   60  76.4001 110.8262
 150 -160  180  77.1526 116.3163
 150 -160  -60  76.9048 109.5207
 150 -150   60  76.4074 112.2601
 150 -150  180  77.1348 118.3682
 150 -150  -60  77.0359 111.1202
 150 -140   60  76.6737 114.6759
 150 -140  180  77.4574 121.4816
 150 -140  -60  77.3378 113.6174
 150 -130   60  77.9932 121.5903
 150 -130  180  79.1611 126.8623
 150 -130  -60  78.8101 118.8966
 150 -120   60  78.7076 123.5168
 150 -120  180  79.3902 127.6600
 150 -120  -60  79.0006 119.2390
 150 -110   60  78.5508 121.5470
 150 -110  180  78.9851 125.9186
 150 -110  -60  79.2458 117.7409
 150 -100   60  77.8971 119.0137
 150 -100  180  78.5916 122.7728
 150  -90   60  78.0593 116.5637
 150  -90  180  78.0729 119.4716
 150  -80  180  77.4582 116.4683
 150  -70  180  77.0745 114.0641
 150  -60  180  76.3541 111.3415
 160   50   60  79.8961 112.2545
 160   60   60  79.7253 112.0423
 160   60  -60  77.0062 112.3538
 160   70   60  79.9176 112.6673
 160   70  -60  78.9456 112.6304
 160   80   60  80.0274 114.1830
 160   80  180  75.3794 118.6878
 160   80  -60  79.6007 114.1642
 160   90   60  80.0335 116.2678
 160   90  180  78.4546 119.9207
 160   90  -60  79.5782 116.2230
 160  100   60  80.1034 118.4568
 160  100  180  79.9711 122.9859
 160  100  -60  79.4729 118.6905
 160  110   60  80.1807 119.9424
 160  110  180  80.2569 124.5821
 160  110  -60  79.5192 120.5158
 160  120   60  79.4048 119.8471
 160  120  180  79.9671 124.4443
 160  120  -60  78.7977 117.5833
 160  130   60  78.5850 117.1904
 160  130  180  79.2948 121.6698
 160  130  -60  78.1827 114.6409
 160  140   60  77.6773 114.6513
 160  140  180  78.4789 119.2936
 160  140  -60  77.4788 112.0902
 160  150   60  76.9989 112.4594
 160  150  180  77.7928 117.0442
 160  150  -60  77.0095 110.2522
 160  160   60  76.4914 110.9857
 160  160  180  77.3293 115.5225
 160  160  -60  76.6966 109.0011
 160  170   60  76.2817 110.0407
 160  170  180  77.0324 114.7520
 160  170  -60  76.5555 108.2664
 160  180   60  76.2867 109.7846
 160  180  180  76.9760 114.6772
 160  180  -60  76.5473 108.2819
 160 -180   60  76.2867 109.7846
 160 -180  180  76.9760 114.6772
 160 -180  -60  76.5473 108.2819
 160 -170   60  76.3583 110.3591
 160 -170  180  77.0334 115.8329
 160 -170  -60  76.6588 109.0859
 160 -160   60  76.5818 111.6731
 160 -160  180  77.1645 117.8107
 160 -160  -60  77.0123 110.5859
 160 -150   60  76.9646 113.9768
 160 -150  180  77.4805 120.8581
 160 -150  -60  77.5727 113.0903
 160 -140   60  78.5962 122.4110
 160 -140  180  79.2016 126.0985
 160 -140  -60  79.2871 118.3189
 160 -130   60  78.7765 122.6984
 160 -130  180  79.5802 126.9800
 160 -130  -60  79.5547 118.7023
 160 -120   60  78.5843 120.9441
 160 -120  180  79.1448 125.5448
 160 -120  -60  79.0145 117.5394
 160 -110   60  78.0035 118.7302
 160 -110  180  78.5265 122.6532
 160 -110  -60  77.3836 116.0562
 160 -100   60  77.7756 116.6174
 160 -100  180  78.0137 119.6674
 160  -90   60  77.7216 115.1603
 160  -90  180  77.3064 117.3099
 160  -80  180  76.8139 115.2260
 160  -70  180  76.4723 112.8902
 170   40   60  80.5273 111.7689
 170   50   60  80.4118 111.4882
 170   50  -60  75.3261 111.7479
 170   60   60  80.5368 111.8247
 170   60  -60  78.4817 112.0768
 170   70   60  80.5957 112.9564
 170   70  -60  79.8850 113.1200
 170   80   60  80.6057 114.5429
 170   80  180  78.6687 118.7336
 170   80  -60  80.1095 114.6285
 170   90   60  80.5693 116.2947
 170   90  180  80.3518 120.8487
 170   90  -60  79.8151 116.6303
 170  100   60  80.4251 117.3473
 170  100  180  80.5381 121.9657
 170  100  -60  79.5244 118.0410
 170  110   60  79.5946 117.9707
 170  110  180  80.3868 121.7971
 170  110  -60  78.7263 116.6830
 170  120   60  78.4564 116.3561
 170  120  180  79.3629 120.5418
 170  120  -60  77.7270 114.2448
 170  130   60  77.3742 114.3263
 170  130  180  78.2360 118.6415
 170  130  -60  76.8010 112.0551
 170  140   60  76.4222 112.5568
 170  140  180  77.2890 116.7510
 170  140  -60  76.0968 110.3410
 170  150   60  75.6628 111.1162
 170  150  180  76.5171 115.4115
 170  150  -60  75.6232 109.0888
 170  160   60  75.3280 110.0359
 170  160  180  76.1000 114.5042
 170  160  -60  75.4608 108.1776
 170  170   60  75.4375 109.6186
 170  170  180  76.0775 114.2026
 170  170  -60  75.6177 107.9553
 170  180   60  75.7472 110.0916
 170  180  180  76.3566 115.1618
 170  180  -60  75.9674 108.6133
 170 -180   60  75.7472 110.0916
 170 -180  180  76.3566 115.1618
 170 -180  -60  75.9674 108.6133
 170 -170   60  76.1897 111.1750
 170 -170  180  76.8062 116.7682
 170 -170  -60  76.5625 109.8788
 170 -160   60  76.8764 113.1496
 170 -160  180  77.3271 119.2633
 170 -160  -60  77.6011 112.3943
 170 -150   60  78.4413 120.0899
 170 -150  180  78.8606 123.6547
 170 -150  -60  78.7702 116.4911
 170 -140   60  78.6491 120.4545
 170 -140  180  79.3240 124.6959
 170 -140  -60  78.9358 117.2203
 170 -130   60  78.3133 119.4474
 170 -130  180  79.0963 123.8248
 170 -130  -60  78.8087 116.5673
 170 -120   60  77.8163 117.7393
 170 -120  180  78.3246 121.6150
 170 -120  -60  78.3882 115.0525
 170 -110   60  76.8274 116.1853
 170 -110  180  77.4279 119.4438
 170 -100   60  76.4632 114.8656
 170 -100  180  76.6784 117.5148
 170  -90   60  76.4292 113.9938
 170  -90  180  76.1563 115.7856
 170  -80  180  75.7192 113.7352
 180   30   60  80.9284 111.8169
 180   40   60  80.7513 111.3787
 180   40  -60  75.6296 111.4150
 180   50   60  80.9176 111.3585
 180   50  -60  77.1922 111.7650
 180   60   60  81.0676 111.7275
 180   60  -60  79.6136 112.0811
 180   70   60  81.1138 112.6856
 180   70  180  78.6445 116.1443
 180   70  -60  80.3805 113.0006
 180   80   60  80.9585 113.7394
 180   80  180  80.3762 118.2893
 180   80  -60  80.0411 114.3531
 180   90   60  80.5954 114.4495
 180   90  180  80.5929 119.1143
 180   90  -60  79.4014 115.3237
 180  100   60  79.8514 115.0501
 180  100  180  80.4316 118.9294
 180  100  -60  78.5657 114.9215
 180  110   60  78.2469 114.9690
 180  110  180  79.4320 119.1212
 180  110  -60  77.1925 113.4584
 180  120   60  76.8588 113.6867
 180  120  180  78.1099 117.8235
 180  120  -60  76.1504 111.7711
 180  130   60  75.4796 112.3110
 180  130  180  76.6391 116.5124
 180  130  -60  75.0488 110.2640
 180  140   60  74.5323 111.0626
 180  140  180  75.5180 115.2505
 180  140  -60  74.3326 108.9708
 180  150   60  74.0755 109.9392
 180  150  180  74.8664 114.2376
 180  150  -60  74.0035 108.0098
 180  160   60  74.1194 109.3221
 180  160  180  74.7091 113.7235
 180  160  -60  74.0616 107.4886
 180  170   60  74.5577 109.3701
 180  170  180  75.0522 113.8010
 180  170  -60  74.6047 107.5964
 180  180   60  75.2695 110.3299
 180  180  180  75.7869 115.1195
 180  180  -60  75.4611 108.5895
 180 -180   60  75.2695 110.3299
 180 -180  180  75.7869 115.1195
 180 -180  -60  75.4611 108.5895
 180 -170   60  76.4381 112.8361
 180 -170  180  76.8811 116.5858
 180 -170  -60  76.7136 110.1865
 180 -160   60  77.8273 116.6560
 180 -160  180  78.1329 119.6597
 180 -160  -60  77.8139 113.2909
 180 -150   60  78.1894 117.3471
 180 -150  180  78.6326 121.3517
 180 -150  -60  78.2708 114.4701
 180 -140   60  78.0588 117.2023
 180 -140  180  78.6988 121.3122
 180 -140  -60  78.5302 114.7166
 180 -130   60  77.1206 116.2958
 180 -130  180  78.0330 120.1342
 180 -130  -60  77.8583 114.1042
 180 -120   60  76.0995 115.2535
 180 -120  180  76.8116 118.6632
 180 -120  -60  75.8875 113.5792
 180 -110   60  75.1259 114.1450
 180 -110  180  75.5821 117.1891
 180 -100   60  74.5243 113.4096
 180 -100  180  74.8118 115.8190
 180  -90   60  75.5125 111.8295
 180  -90  180  74.2586 114.0426
 180  -80  180  74.5699 113.2800
-180   30   60  80.9284 111.8169
-180   40   60  80.7513 111.3787
-180   40  -60  75.6296 111.4150
-180   50   60  80.9176 111.3585
-180   50  -60  77.1922 111.7650
-180   60   60  81.0676 111.7275
-180   60  -60  79.6136 112.0811
-180   70   60  81.1138 112.6856
-180   70  180  78.6445 116.1443
-180   70  -60  80.3805 113.0006
-180   80   60  80.9585 113.7394
-180   80  180  80.3762 118.2893
-180   80  -60  80.0411 114.3531
-180   90   60  80.5954 114.4495
-180   90  180  80.5929 119.1143
-180   90  -60  79.4014 115.3237
-180  100   60  79.8514 115.0501
-180  100  180  80.4316 118.9294
-180  100  -60  78.5657 114.9215
-180  110   60  78.2469 114.9690
-180  110  180  79.4320 119.1212
-180  110  -60  77.1925 113.4584
-180  120   60  76.8588 113.6867
-180  120  180  78.1099 117.8235
-180  120  -60  76.1504 111.7711
-180  130   60  75.4796 112.3110
-180  130  180  76.6391 116.5124
-180  130  -60  75.0488 110.2640
-180  140   60  74.5323 111.0626
-180  140  180  75.5180 115.2505
-180  140  -60  74.3326 108.9708
-180  150   60  74.0755 109.9392
-180  150  180  74.8664 114.2376
-180  150  -60  74.0035 108.0098
-180  160   60  74.1194 109.3221
-180  160  180  74.7091 113.7235
-180  160  -60  74.0616 107.4886
-180  170   60  74.5577 109.3701
-180  170  180  75.0522 113.8010
-180  170  -60  74.6047 107.5964
-180  180   60  75.2695 110.3299
-180  180  180  75.7869 115.1195
-180  180  -60  75.4611 108.5895
-180 -180   60  75.2695 110.3299
-180 -180  180  75.7869 115.1195
-180 -180  -60  75.4611 108.5895
-180 -170   60  76.4381 112.8361
-180 -170  180  76.8811 116.5858
-180 -170  -60  76.7136 110.1865
-180 -160   60  77.8273 116.6560
-180 -160  180  78.1329 119.6597
-180 -160  -60  77.8139 113.2909
-180 -150   60  78.1894 117.3471
-180 -150  180  78.6326 121.3517
-180 -150  -60  78.2708 114.4701
-180 -140   60  78.0588 117.2023
-180 -140  180  78.6988 121.3122
-180 -140  -60  78.5302 114.7166
-180 -130   60  77.1206 116.2958
-180 -130  180  78.0330 120.1342
-180 -130  -60  77.8583 114.1042
-180 -120   60  76.0995 115.2535
-180 -120  180  76.8116 118.6632
-180 -120  -60  75.8875 113.5792
-180 -110   60  75.1259 114.1450
-180 -110  180  75.5821 117.1891
-180 -100   60  74.5243 113.4096
-180 -100  180  74.8118 115.8190
-180  -90   60  75.5125 111.8295
-180  -90  180  74.2586 114.0426
-180  -80  180  74.5699 113.2800
-170   20   60  80.9785 112.5957
-170   30   60  80.6229 112.0342
-170   30  -60  74.5189 111.0191
-170   40   60  80.8810 111.5754
-170   40  -60  75.7374 111.2517
-170   50   60  81.3400 111.3581
-170   50  -60  78.8425 111.3113
-170   60   60  81.5352 111.4309
-170   60  -60  80.3844 111.6108
-170   70   60  81.2608 111.8338
-170   70  180  80.5232 116.3025
-170   70  -60  80.3795 112.3607
-170   80   60  80.6131 112.4258
-170   80  180  80.7782 117.2190
-170   80  -60  79.5304 113.0498
-170   90   60  79.6708 113.0752
-170   90  180  80.5662 117.6644
-170   90  -60  78.2695 112.8778
-170  100   60  78.2296 113.2309
-170  100  180  79.6331 117.5924
-170  100  -60  76.8154 112.1448
-170  110   60  76.2745 112.7690
-170  110  180  77.9522 117.1226
-170  110  -60  75.2760 111.1864
-170  120   60  74.4226 111.8002
-170  120  180  76.0470 116.1601
-170  120  -60  73.8541 109.9504
-170  130   60  73.0720 110.5992
-170  130  180  74.4063 114.9304
-170  130  -60  72.7369 108.6666
-170  140   60  72.3934 109.5887
-170  140  180  73.3993 113.8469
-170  140  -60  72.1543 107.6588
-170  150   60  72.3837 108.8527
-170  150  180  73.0869 113.1198
-170  150  -60  72.1190 106.9541
-170  160   60  72.9308 108.5104
-170  160  180  73.3589 112.8006
-170  160  -60  72.6181 106.6851
-170  170   60  73.8689 108.7199
-170  170  180  74.1771 113.0175
-170  170  -60  73.6622 106.8815
-170  180   60  75.0386 110.2783
-170  180  180  75.4287 114.2423
-170  180  -60  75.0580 108.0753
-170 -180   60  75.0386 110.2783
-170 -180  180  75.4287 114.2423
-170 -180  -60  75.0580 108.0753
-170 -170   60  76.4360 112.6430
-170 -170  180  76.8242 115.9393
-170 -170  -60  76.4028 109.9157
-170 -160   60  77.2810 113.8668
-170 -160  180  77.6423 117.6279
-170 -160  -60  77.1629 111.3753
-170 -150   60  77.3208 114.4306
-170 -150  180  77.8104 118.3337
-170 -150  -60  77.5480 112.3373
-170 -140   60  76.6917 114.4335
-170 -140  180  77.3423 118.3585
-170 -140  -60  77.0213 112.5466
-170 -130   60  75.3722 113.8426
-170 -130  180  76.2454 117.4701
-170 -130  -60  75.7836 112.0654
-170 -120   60  73.9248 112.9940
-170 -120  180  74.7110 116.2796
-170 -120  -60  73.5305 111.8402
-170 -110   60  72.8255 112.3275
-170 -110  180  73.3328 115.2656
-170 -100   60  72.6952 110.9432
-170 -100  180  72.5486 114.3188
-170  -90  180  72.4995 112.8525
-170  -80  180  73.0956 112.9319
-160    0   60  82.5600 113.9624
-160   10   60  81.0333 113.5719
-160   20   60  80.3466 112.6528
-160   30   60  80.6526 111.9645
-160   30  -60  75.7541 110.5704
-160   40   60  81.3313 111.5213
-160   40  -60  77.8080 110.6533
-160   50   60  81.6936 111.1733
-160   50  -60  80.1328 110.9643
-160   60   60  81.4585 111.0942
-160   60  -60  80.6917 111.4558
-160   70   60  80.6251 111.1975
-160   70  180  81.3323 116.4142
-160   70  -60  79.8369 111.6510
-160   80   60  79.3282 111.5814
-160   80  180  80.7634 116.7034
-160   80  -60  78.2238 111.4310
-160   90   60  77.7631 111.8245
-160   90  180  79.7080 116.6447
-160   90  -60  76.4605 111.1713
-160  100   60  75.8837 111.6085
-160  100  180  77.8797 116.2051
-160  100  -60  74.6083 110.4487
-160  110   60  73.7512 110.9104
-160  110  180  75.6669 115.4246
-160  110  -60  72.8016 109.3381
-160  120   60  71.8146 109.8878
-160  120  180  73.5032 114.3515
-160  120  -60  71.2449 108.1789
-160  130   60  70.5668 108.8546
-160  130  180  71.9084 113.2240
-160  130  -60  70.2527 107.0646
-160  140   60  70.2401 107.9548
-160  140  180  71.1993 112.2242
-160  140  -60  69.9430 106.0528
-160  150   60  70.7803 107.5188
-160  150  180  71.3972 111.7275
-160  150  -60  70.3137 105.6887
-160  160   60  71.9211 107.4917
-160  160  180  72.2110 111.6931
-160  160  -60  71.3822 105.5468
-160  170   60  73.3424 108.0964
-160  170  180  73.4581 112.1788
-160  170  -60  72.9005 106.1598
-160  180   60  74.7064 109.2686
-160  180  180  74.9540 113.1159
-160  180  -60  74.5464 107.3257
-160 -180   60  74.7064 109.2686
-160 -180  180  74.9540 113.1159
-160 -180  -60  74.5464 107.3257
-160 -170   60  75.7221 110.7168
-160 -170  180  76.2156 114.4434
-160 -170  -60  75.6987 108.7393
-160 -160   60  76.1716 111.7780
-160 -160  180  76.7095 115.6732
-160 -160  -60  76.2205 109.9278
-160 -150   60  75.8806 112.2501
-160 -150  180  76.3568 116.2433
-160 -150  -60  76.0534 110.6343
-160 -140   60  74.6713 112.0696
-160 -140  180  75.4242 115.9210
-160 -140  -60  74.9557 110.5297
-160 -130   60  73.0572 111.5315
-160 -130  180  73.9144 115.0785
-160 -130  -60  73.2947 110.1029
-160 -120   60  71.5081 110.8477
-160 -120  180  72.2098 114.0801
-160 -120  -60  71.1286 109.7826
-160 -110   60  70.5645 109.5318
-160 -110  180  70.8073 113.2192
-160 -110  -60  68.9013 108.8029
-160 -100   60  70.5422 109.2342
-160 -100  180  70.1185 111.8822
-160  -90  180  70.6143 112.0181
-160  -80  180  71.4614 112.2030
-160  -50  180  76.3232 112.6665
-160  -40   60  76.2781 115.1892
-160  -30   60  80.7104 114.7831
-150    0   60  82.0992 114.4095
-150   10   60  80.4445 113.3345
-150   20   60  80.2497 112.4621
-150   20  -60  73.7101 110.0027
-150   30   60  80.9764 111.8156
-150   30  -60  76.6902 110.2929
-150   40   60  81.6528 111.3651
-150   40  -60  79.6666 110.6173
-150   50   60  81.5797 110.9320
-150   50  -60  81.0377 111.1141
-150   60   60  80.7402 110.6504
-150   60  -60  80.4685 111.2749
-150   70   60  79.2381 110.6136
-150   70  180  81.0023 116.4501
-150   70  -60  78.6545 110.9413
-150   80   60  77.4299 110.6130
-150   80  180  79.8821 116.1076
-150   80  -60  76.5500 110.5704
-150   90   60  75.4764 110.4359
-150   90  180  78.0202 115.4291
-150   90  -60  74.3810 109.8351
-150  100   60  73.3329 109.9181
-150  100  180  75.5865 114.6218
-150  100  -60  72.2307 108.6454
-150  110   60  71.1172 108.9987
-150  110  180  73.0225 113.5612
-150  110  -60  70.2768 107.5153
-150  120   60  69.2518 107.8842
-150  120  180  70.8082 112.4489
-150  120  -60  68.7676 106.1531
-150  130   60  68.2718 106.8589
-150  130  180  69.4706 111.2983
-150  130  -60  67.9620 104.9933
-150  140   60  68.3904 106.1878
-150  140  180  69.2283 110.4661
-150  140  -60  68.0583 104.3707
-150  150   60  69.4646 106.1194
-150  150  180  69.9491 110.2185
-150  150  -60  68.9810 104.1512
-150  160   60  71.1163 106.5761
-150  160  180  71.2644 110.5737
-150  160  -60  70.4908 104.5338
-150  170   60  72.8248 107.4565
-150  170  180  72.7962 111.2897
-150  170  -60  72.3062 105.5114
-150  180   60  74.1252 108.6304
-150  180  180  74.2417 112.3635
-150  180  -60  73.9296 106.8595
-150 -180   60  74.1252 108.6304
-150 -180  180  74.2417 112.3635
-150 -180  -60  73.9296 106.8595
-150 -170   60  74.9373 109.7533
-150 -170  180  75.2581 113.4729
-150 -170  -60  74.7647 107.9899
-150 -160   60  74.7762 110.3121
-150 -160  180  75.3879 114.2567
-150 -160  -60  74.8844 108.7521
-150 -150   60  74.0555 110.4372
-150 -150  180  74.5589 114.3829
-150 -150  -60  74.1342 109.0219
-150 -140   60  72.4623 110.0030
-150 -140  180  73.0631 113.8124
-150 -140  -60  72.5640 108.6103
-150 -130   60  70.5662 109.2765
-150 -130  180  71.2276 112.8479
-150 -130  -60  70.5348 107.9715
-150 -120   60  68.9230 108.6985
-150 -120  180  69.4716 111.9980
-150 -120  -60  68.3822 107.3578
-150 -110   60  68.1887 107.6211
-150 -110  180  68.2775 111.1964
-150 -110  -60  67.4134 106.5850
-150 -100   60  68.4061 107.8121
-150 -100  180  67.9096 110.5007
-150  -90  180  68.8048 110.7152
-150  -80  180  70.1373 111.2886
-150  -70  180  71.7092 112.3696
-150  -60  180  73.7308 113.2086
-150  -50   60  76.2003 113.7108
-150  -50  180  76.1822 114.1123
-150  -40   60  79.6282 115.1337
-150  -30   60  83.7611 116.3772
-150  -20   60  86.0322 116.7447
-150  -10   60  84.5344 115.6339
-140    0   60  81.0205 113.9475
-140   10   60  79.8577 112.8122
-140   10  180  80.9304 118.4419
-140   20   60  80.3022 112.0232
-140   20  -60  74.5073 109.7862
-140   30   60  81.2857 111.5112
-140   30  -60  78.7064 110.1973
-140   40   60  81.5859 110.9416
-140   40  -60  81.2759 110.8582
-140   50   60  80.9262 110.3478
-140   50  -60  81.2254 111.1053
-140   60   60  79.3634 109.9154
-140   60  -60  79.6774 110.7561
-140   70   60  77.3120 109.6228
-140   70  180  80.1572 115.8786
-140   70  -60  77.2706 110.2406
-140   80   60  75.1322 109.2539
-140   80  180  78.5284 114.9682
-140   80  -60  74.6809 109.3440
-140   90   60  72.8542 108.6842
-140   90  180  75.9654 113.8624
-140   90  -60  72.1774 107.9063
-140  100   60  70.5966 107.7491
-140  100  180  72.9908 112.6424
-140  100  -60  69.8682 106.6738
-140  110   60  68.5285 106.6960
-140  110  180  70.2919 111.3929
-140  110  -60  67.9709 105.2780
-140  120   60  67.0003 105.5760
-140  120  180  68.3307 110.1377
-140  120  -60  66.6039 103.8395
-140  130   60  66.4532 104.7177
-140  130  180  67.4788 109.0396
-140  130  -60  66.1383 102.8841
-140  140   60  67.1203 104.5332
-140  140  180  67.7883 108.5980
-140  140  -60  66.8088 102.6375
-140  150   60  68.6603 104.9553
-140  150  180  69.0249 108.9273
-140  150  -60  68.2011 102.8669
-140  160   60  70.6032 105.8350
-140  160  180  70.6783 109.6227
-140  160  -60  70.0039 103.7761
-140  170   60  72.3740 106.9195
-140  170  180  72.2709 110.5770
-140  170  -60  71.8636 105.0657
-140  180   60  73.3577 107.9539
-140  180  180  73.4842 111.5374
-140  180  -60  73.2417 106.1740
-140 -180   60  73.3577 107.9539
-140 -180  180  73.4842 111.5374
-140 -180  -60  73.2417 106.1740
-140 -170   60  73.7482 108.6848
-140 -170  180  74.0739 112.4244
-140 -170  -60  73.6665 107.0711
-140 -160   60  73.2373 108.9093
-140 -160  180  73.8055 112.8433
-140 -160  -60  73.2614 107.4708
-140 -150   60  71.9508 108.5925
-140 -150  180  72.5185 112.5098
-140 -150  -60  71.9750 107.2085
-140 -140   60  70.0398 107.8440
-140 -140  180  70.5639 111.6587
-140 -140  -60  70.0990 106.4878
-140 -130   60  68.0574 107.0185
-140 -130  180  68.5222 110.6553
-140 -130  -60  67.9047 105.6280
-140 -120   60  66.7300 106.4349
-140 -120  180  66.9663 109.8006
-140 -120  -60  66.8697 104.5743
-140 -110   60  66.3931 106.3933
-140 -110  180  66.2643 109.2964
-140 -100   60  67.4093 106.3526
-140 -100  180  66.5018 109.4275
-140  -90   60  69.2869 107.3456
-140  -90  180  67.8156 110.2586
-140  -80   60  72.6756 108.1068
-140  -80  180  69.4828 111.3975
-140  -70   60  73.4605 110.6452
-140  -70  180  71.5420 112.5460
-140  -60   60  75.6970 112.3878
-140  -60  180  74.1300 113.0908
-140  -50   60  79.2144 114.3599
-140  -50  180  76.8785 114.6195
-140  -40   60  82.6386 116.2945
-140  -30   60  86.3976 117.4224
-140  -20   60  86.1013 117.0756
-140  -10   60  83.4815 115.5193
-130    0   60  79.5846 113.2848
-130    0  180  82.9091 118.3925
-130   10   60  79.2720 112.3187
-130   10  -60  68.7149 109.4251
-130   20   60  80.3732 111.6917
-130   20  -60  75.2706 109.8557
-130   30   60  81.3237 111.1546
-130   30  -60  80.6845 110.7033
-130   40   60  81.0437 110.4810
-130   40  -60  81.9701 111.2942
-130   50   60  79.5611 109.8189
-130   50  -60  80.9746 111.1006
-130   60   60  77.5073 109.2605
-130   60  180  80.5518 116.1084
-130   60  -60  78.4823 110.3283
-130   70   60  75.2012 108.6315
-130   70  180  79.3340 115.0207
-130   70  -60  75.5454 109.4084
-130   80   60  72.7111 107.7913
-130   80  180  76.9364 113.5730
-130   80  -60  72.6370 107.6502
-130   90   60  70.2260 106.7992
-130   90  180  73.5664 112.1357
-130   90  -60  69.8717 106.2191
-130  100   60  67.9938 105.7554
-130  100  180  70.3605 110.6408
-130  100  -60  67.6479 104.6923
-130  110   60  66.2873 104.6097
-130  110  180  67.9091 109.2905
-130  110  -60  65.9761 103.0896
-130  120   60  65.3540 103.6654
-130  120  180  66.4418 108.1658
-130  120  -60  64.9934 101.9449
-130  130   60  65.4064 103.2033
-130  130  180  66.0839 107.3947
-130  130  -60  65.0287 101.4604
-130  140   60  66.5455 103.5516
-130  140  180  66.9329 107.4487
-130  140  -60  66.2259 101.5116
-130  150   60  68.4245 104.4993
-130  150  180  68.6322 108.2454
-130  150  -60  68.0010 102.3677
-130  160   60  70.3953 105.7196
-130  160  180  70.4965 109.2686
-130  160  -60  69.9070 103.6951
-130  170   60  71.9466 106.8340
-130  170  180  71.9485 110.2817
-130  170  -60  71.5879 104.9682
-130  180   60  72.6744 107.6309
-130  180  180  72.7739 111.1718
-130  180  -60  72.5955 105.9040
-130 -180   60  72.6744 107.6309
-130 -180  180  72.7739 111.1718
-130 -180  -60  72.5955 105.9040
-130 -170   60  72.5251 107.9782
-130 -170  180  72.8332 111.7565
-130 -170  -60  72.5072 106.4403
-130 -160   60  71.5384 107.7047
-130 -160  180  72.0725 111.5613
-130 -160  -60  71.5338 106.2808
-130 -150   60  69.8746 106.9719
-130 -150  180  70.4419 110.8676
-130 -150  -60  69.8535 105.5446
-130 -140   60  67.8758 105.9949
-130 -140  180  68.2005 109.7699
-130 -140  -60  67.7966 104.5810
-130 -130   60  66.1312 105.0969
-130 -130  180  66.1536 108.6662
-130 -130  -60  65.9300 103.4954
-130 -120   60  65.3844 104.7059
-130 -120  180  64.9551 107.9936
-130 -120  -60  65.4243 102.8713
-130 -110   60  65.9045 105.0181
-130 -110  180  64.8525 107.7909
-130 -100   60  67.3736 105.8205
-130 -100  180  65.6570 108.6720
-130  -90   60  69.3098 106.9732
-130  -90  180  67.3102 109.6750
-130  -80   60  71.8008 108.4933
-130  -80  180  69.4376 111.2398
-130  -70   60  74.5918 110.4411
-130  -70  180  71.8796 112.2220
-130  -60   60  77.7872 112.7599
-130  -60  180  74.7720 113.5215
-130  -50   60  81.9592 115.1749
-130  -50  180  77.5838 115.2606
-130  -40   60  85.6726 117.1203
-130  -30   60  87.1136 117.6819
-130  -20   60  84.8280 116.5830
-130  -10   60  81.7988 114.6397
-120    0   60  78.3161 112.7163
-120    0  180  83.2393 118.9778
-120   10   60  79.1376 111.8654
-120   20   60  80.5763 111.2149
-120   30   60  80.9109 110.5837
-120   30  -60  81.7542 111.6759
-120   40   60  79.8907 109.9503
-120   40  -60  82.2162 111.7485
-120   50   60  78.0487 109.2760
-120   50  -60  80.4058 110.8776
-120   60   60  75.8344 108.5486
-120   60  180  79.9904 115.4044
-120   60  -60  77.4254 109.8243
-120   70   60  73.3679 107.5606
-120   70  180  78.2864 113.8351
-120   70  -60  74.2135 108.0360
-120   80   60  70.7269 106.3804
-120   80  180  75.0502 112.0748
-120   80  -60  71.0415 106.2845
-120   90   60  68.1937 105.2265
-120   90  180  71.4358 110.4287
-120   90  -60  68.3242 104.6353
-120  100   60  66.1427 104.0662
-120  100  180  68.5428 108.8743
-120  100  -60  66.3262 102.8472
-120  110   60  64.8346 103.0078
-120  110  180  66.5220 107.6241
-120  110  -60  64.8837 101.4593
-120  120   60  64.5515 102.3667
-120  120  180  65.4750 106.7226
-120  120  -60  64.3369 100.7699
-120  130   60  65.2955 102.4795
-120  130  180  65.6099 106.4832
-120  130  -60  64.8916 100.6350
-120  140   60  66.8474 103.4902
-120  140  180  66.8899 107.1867
-120  140  -60  66.4870 101.3282
-120  150   60  68.7909 104.8623
-120  150  180  68.8516 108.3461
-120  150  -60  68.4333 102.6873
-120  160   60  70.6569 106.2166
-120  160  180  70.6986 109.4881
-120  160  -60  70.2041 104.1275
-120  170   60  71.7286 107.2074
-120  170  180  71.8681 110.5379
-120  170  -60  71.5445 105.3448
-120  180   60  71.9851 107.7073
-120  180  180  72.1968 111.2079
-120  180  -60  72.0812 105.9954
-120 -180   60  71.9851 107.7073
-120 -180  180  72.1968 111.2079
-120 -180  -60  72.0812 105.9954
-120 -170   60  71.3868 107.5842
-120 -170  180  71.7189 111.2500
-120 -170  -60  71.4685 106.0270
-120 -160   60  70.0857 106.8619
-120 -160  180  70.4910 110.6543
-120 -160  -60  70.0248 105.3559
-120 -150   60  68.3108 105.7550
-120 -150  180  68.6735 109.5885
-120 -150  -60  68.0863 104.2431
-120 -140   60  66.4776 104.7275
-120 -140  180  66.4334 108.3305
-120 -140  -60  65.9837 103.0005
-120 -130   60  65.1494 104.0040
-120 -130  180  64.5782 107.5098
-120 -130  -60  64.8815 101.5804
-120 -120   60  64.9704 103.9059
-120 -120  180  63.9260 106.8845
-120 -120  -60  64.6150 101.2104
-120 -110   60  66.0750 104.6082
-120 -110  180  64.4500 107.6380
-120 -100   60  67.9916 105.8358
-120 -100  180  65.8724 108.5107
-120  -90   60  70.4148 107.3336
-120  -90  180  67.8027 110.0626
-120  -80   60  73.1076 109.2022
-120  -80  180  70.0743 111.5231
-120  -70   60  76.1383 111.3473
-120  -70  180  72.5199 113.0066
-120  -60   60  79.8859 113.8918
-120  -60  180  75.3065 114.4532
-120  -50   60  83.9868 116.4588
-120  -50  180  77.9762 115.8894
-120  -40   60  86.6350 117.8840
-120  -30   60  86.1652 117.4134
-120  -20   60  82.9397 115.7797
-120  -10   60  79.8680 113.9747
-120  -10  180  83.2898 118.3969
-110    0   60  77.7335 112.3325
-110   10   60  79.0979 111.5409
-110   20   60  80.1583 110.7680
-110   30   60  79.9923 110.1900
-110   40   60  78.4429 109.4947
-110   40  -60  83.2463 112.3430
-110   50   60  76.3886 108.7899
-110   50  180  80.1647 116.1063
-110   50  -60  80.0853 110.5389
-110   60   60  74.0918 107.8355
-110   60  180  79.4608 114.4909
-110   60  -60  76.6594 108.8504
-110   70   60  71.7274 106.6332
-110   70  180  77.2055 112.5711
-110   70  -60  73.1068 106.9688
-110   80   60  69.3110 105.3227
-110   80  180  73.5282 110.6677
-110   80  -60  70.1921 105.2318
-110   90   60  67.0437 104.1458
-110   90  180  70.0150 109.0131
-110   90  -60  67.8722 103.3706
-110  100   60  65.3114 103.0923
-110  100  180  67.4684 107.7001
-110  100  -60  65.9988 101.8071
-110  110   60  64.4653 102.3400
-110  110  180  65.9679 106.8219
-110  110  -60  64.8457 100.9486
-110  120   60  64.7155 102.2451
-110  120  180  65.5624 106.3921
-110  120  -60  64.7668 100.6255
-110  130   60  66.0589 103.1617
-110  130  180  66.2256 106.8435
-110  130  -60  65.7506 101.0893
-110  140   60  67.8407 104.5439
-110  140  180  67.7306 107.9782
-110  140  -60  67.5757 102.2649
-110  150   60  69.6920 106.0536
-110  150  180  69.6182 109.2490
-110  150  -60  69.4012 103.8590
-110  160   60  71.2123 107.3750
-110  160  180  71.2299 110.4786
-110  160  -60  70.8641 105.2876
-110  170   60  71.9310 108.0630
-110  170  180  72.0105 111.3123
-110  170  -60  71.7443 106.1321
-110  180   60  71.6339 108.0567
-110  180  180  71.8631 111.5353
-110  180  -60  71.7805 106.3318
-110 -180   60  71.6339 108.0567
-110 -180  180  71.8631 111.5353
-110 -180  -60  71.7805 106.3318
-110 -170   60  70.6079 107.5266
-110 -170  180  70.9361 111.1642
-110 -170  -60  70.6971 105.8985
-110 -160   60  69.1097 106.4634
-110 -160  180  69.3684 110.1976
-110 -160  -60  68.9419 104.8419
-110 -150   60  67.4730 105.2602
-110 -150  180  67.5009 108.9138
-110 -150  -60  66.9564 103.5359
-110 -140   60  65.9977 104.2685
-110 -140  180  65.6350 107.9054
-110 -140  -60  65.1176 102.2687
-110 -130   60  65.2275 103.8869
-110 -130  180  64.3782 107.1070
-110 -130  -60  64.5441 101.1965
-110 -120   60  65.5757 104.2840
-110 -120  180  64.3050 107.4539
-110 -120  -60  64.6866 101.0260
-110 -110   60  67.0522 105.4472
-110 -110  180  65.3755 108.2154
-110 -100   60  69.2478 106.9581
-110 -100  180  67.1175 109.5160
-110  -90   60  71.7703 108.8311
-110  -90  180  69.2291 111.2813
-110  -80   60  74.3877 110.7932
-110  -80  180  71.4172 112.8514
-110  -70   60  77.4526 113.0663
-110  -70  180  73.6737 114.3304
-110  -60   60  81.1222 115.5766
-110  -60  180  75.9908 115.6306
-110  -50   60  84.4913 117.6709
-110  -50  180  78.3673 116.8032
-110  -40   60  85.6332 118.0648
-110  -40  180  80.4160 117.6602
-110  -30   60  83.9861 116.7915
-110  -30  180  81.9186 118.1984
-110  -20   60  80.7504 115.0186
-110  -20  180  82.2736 118.6622
-110  -10   60  78.0244 113.4023
-110  -10  180  82.7869 119.0242
-100    0   60  78.0182 111.8453
-100   10   60  79.5360 111.1707
-100   20   60  79.9724 110.4260
-100   30   60  78.9279 109.8569
-100   40   60  77.1623 109.2150
-100   40  -60  85.8709 113.4960
-100   50   60  75.1112 108.4453
-100   50  180  79.8894 115.3666
-100   50  -60  79.7540 110.3872
-100   60   60  73.0098 107.3816
-100   60  180  79.3562 113.5298
-100   60  -60  76.1555 108.1428
-100   70   60  70.8468 106.0368
-100   70  180  76.3965 111.3563
-100   70  -60  72.7442 106.2493
-100   80   60  68.6792 104.8008
-100   80  180  72.4595 109.4943
-100   80  -60  70.3304 104.4021
-100   90   60  66.7440 103.7958
-100   90  180  69.4013 108.1523
-100   90  -60  68.2053 102.8002
-100  100   60  65.4680 102.9772
-100  100  180  67.4743 107.2822
-100  100  -60  66.5823 101.6695
-100  110   60  65.1313 102.7773
-100  110  180  66.5712 106.8804
-100  110  -60  65.8882 101.2885
-100  120   60  65.8638 103.4456
-100  120  180  66.7163 107.1492
-100  120  -60  66.1823 101.4683
-100  130   60  67.5086 104.7117
-100  130  180  67.7234 108.1609
-100  130  -60  67.4208 102.4673
-100  140   60  69.2811 106.3178
-100  140  180  69.2048 109.4462
-100  140  -60  69.2169 104.0259
-100  150   60  70.9012 107.8657
-100  150  180  70.7876 110.8083
-100  150  -60  70.7540 105.5756
-100  160   60  72.0527 108.8791
-100  160  180  71.9931 111.9011
-100  160  -60  71.7807 106.7343
-100  170   60  72.3543 109.1537
-100  170  180  72.4154 112.3656
-100  170  -60  72.2044 107.1721
-100  180   60  71.7338 108.7735
-100  180  180  71.9225 112.1895
-100  180  -60  71.8074 106.9495
-100 -180   60  71.7338 108.7735
-100 -180  180  71.9225 112.1895
-100 -180  -60  71.8074 106.9495
-100 -170   60  70.4150 107.8025
-100 -170  180  70.6563 111.3851
-100 -170  -60  70.4365 106.1090
-100 -160   60  68.8273 106.6038
-100 -160  180  68.9004 110.2471
-100 -160  -60  68.5969 104.9075
-100 -150   60  67.3528 105.4800
-100 -150  180  67.1685 109.1858
-100 -150  -60  66.7763 103.5974
-100 -140   60  66.3586 104.7981
-100 -140  180  65.7865 108.2512
-100 -140  -60  65.3682 102.5780
-100 -130   60  66.1886 104.7504
-100 -130  180  65.0385 108.0678
-100 -130  -60  65.0480 102.2349
-100 -120   60  66.9840 105.6249
-100 -120  180  65.4272 108.6812
-100 -120  -60  66.1213 102.4004
-100 -110   60  68.6045 107.0588
-100 -110  180  66.8291 109.7245
-100 -110  -60  68.2325 103.1893
-100 -100   60  70.7408 108.8842
-100 -100  180  68.8036 111.4672
-100 -100  -60  70.0087 105.0293
-100  -90   60  73.0397 110.8206
-100  -90  180  70.9524 113.1286
-100  -80   60  75.5051 112.8855
-100  -80  180  73.0967 114.4841
-100  -80  -60  68.5659 109.7114
-100  -70   60  78.4621 115.1028
-100  -70  180  75.1769 115.6906
-100  -60   60  81.6574 117.2480
-100  -60  180  77.1509 116.8341
-100  -50   60  83.9268 118.2524
-100  -50  180  78.9390 117.6838
-100  -40   60  83.9830 117.8246
-100  -40  180  80.1870 118.4737
-100  -30   60  81.6677 115.9866
-100  -30  180  80.9168 119.0308
-100  -20   60  78.5362 114.4009
-100  -20  180  81.5501 119.3592
-100  -10   60  77.0424 112.9740
-100  -10  180  82.4271 119.5340
 -90    0   60  78.6334 111.5196
 -90   10   60  80.1235 110.5791
 -90   20   60  79.4011 109.9321
 -90   30   60  77.8260 109.5433
 -90   40   60  76.4369 109.1335
 -90   40  180  79.6416 116.3741
 -90   50   60  74.9410 108.4628
 -90   50  180  80.4873 114.7710
 -90   50  -60  79.5579 110.1328
 -90   60   60  72.8393 107.3125
 -90   60  -60  75.8375 107.6192
 -90   70   60  70.7095 106.0523
 -90   70  -60  73.4331 105.8497
 -90   80   60  68.6750 105.0112
 -90   80  180  72.2078 108.7399
 -90   80  -60  71.4644 104.2328
 -90   90   60  67.1844 104.3330
 -90   90  180  70.0138 108.1203
 -90   90  -60  69.4609 103.0493
 -90  100   60  66.5163 104.0538
 -90  100  180  68.7231 107.8547
 -90  100  -60  68.0991 102.4801
 -90  110   60  66.6994 104.4073
 -90  110  180  68.1814 108.0001
 -90  110  -60  67.7825 102.4945
 -90  120   60  67.7929 105.4071
 -90  120  180  68.5231 108.8331
 -90  120  -60  68.3224 103.2196
 -90  130   60  69.5435 107.0635
 -90  130  180  69.6148 110.1578
 -90  130  -60  69.5828 104.7413
 -90  140   60  71.1506 108.7105
 -90  140  180  70.9967 111.4695
 -90  140  -60  71.2065 106.3474
 -90  150   60  72.3975 109.9784
 -90  150  180  72.2275 112.7797
 -90  150  -60  72.3082 107.6880
 -90  160   60  73.0518 110.5910
 -90  160  180  72.9929 113.5221
 -90  160  -60  72.8946 108.4444
 -90  170   60  73.0279 110.4004
 -90  170  180  73.0821 113.5682
 -90  170  -60  72.9585 108.4344
 -90  180   60  72.2633 109.6162
 -90  180  180  72.3556 113.0086
 -90  180  -60  72.2883 107.8028
 -90 -180   60  72.2633 109.6162
 -90 -180  180  72.3556 113.0086
 -90 -180  -60  72.2883 107.8028
 -90 -170   60  70.8756 108.4131
 -90 -170  180  70.9417 111.9659
 -90 -170  -60  70.8132 106.6644
 -90 -160   60  69.3089 107.2755
 -90 -160  180  69.2633 110.9308
 -90 -160  -60  69.0938 105.4575
 -90 -150   60  68.0816 106.3081
 -90 -150  180  67.7992 109.9551
 -90 -150  -60  67.5783 104.2917
 -90 -140   60  67.5619 105.9164
 -90 -140  180  66.7540 109.3585
 -90 -140  -60  66.6996 103.6241
 -90 -130   60  67.8355 106.3421
 -90 -130  180  66.5614 109.6465
 -90 -130  -60  66.8450 103.7762
 -90 -120   60  68.8544 107.4230
 -90 -120  180  67.3266 110.4458
 -90 -120  -60  68.0948 104.4539
 -90 -110   60  70.3687 109.0895
 -90 -110  180  68.8265 111.9207
 -90 -110  -60  70.2895 105.7254
 -90 -100   60  72.1709 111.0236
 -90 -100  180  70.7346 113.6908
 -90 -100  -60  72.9656 107.4431
 -90  -90   60  74.2037 112.9256
 -90  -90  180  72.7354 114.9850
 -90  -90  -60  73.2800 109.2828
 -90  -80   60  76.4549 114.9013
 -90  -80  180  74.6909 116.1755
 -90  -80  -60  73.0512 110.8122
 -90  -70   60  78.9477 116.7700
 -90  -70  180  76.5135 117.2000
 -90  -60   60  81.2853 117.9153
 -90  -60  180  78.1249 118.0294
 -90  -50   60  82.4504 118.1001
 -90  -50  180  79.3876 118.6519
 -90  -40   60  81.7949 117.1321
 -90  -40  180  80.1302 119.1068
 -90  -30   60  79.2546 115.3972
 -90  -30  180  80.4574 119.3952
 -90  -20   60  76.8929 113.8721
 -90  -20  180  81.0125 119.6145
 -90  -10   60  76.8027 112.5962
 -90  -10  180  81.8848 119.7709
 -80    0   60  79.7103 111.0255
 -80   10   60  79.6596 109.7132
 -80   20   60  77.4068 109.3761
 -80   30   60  76.3263 109.4878
 -80   40   60  75.6751 109.4228
 -80   40  180  80.1504 115.6918
 -80   50   60  74.6640 108.6529
 -80   50  -60  77.5782 109.5860
 -80   60   60  72.9264 107.4902
 -80   60  -60  75.8883 107.4314
 -80   70   60  70.9883 106.4590
 -80   70  -60  74.8653 105.9152
 -80   80   60  69.2759 105.8492
 -80   80  -60  73.1894 104.7241
 -80   90   60  68.3207 105.5997
 -80   90  180  71.3930 108.8247
 -80   90  -60  71.3042 103.9525
 -80  100   60  68.2668 105.8605
 -80  100  180  70.4697 109.2377
 -80  100  -60  70.0947 104.0217
 -80  110   60  68.8634 106.5655
 -80  110  180  70.0393 109.9590
 -80  110  -60  70.6013 104.4635
 -80  120   60  70.1698 108.1685
 -80  120  180  70.5122 111.1535
 -80  120  -60  71.1461 105.8838
 -80  130   60  71.7740 109.8122
 -80  130  180  71.6455 112.4795
 -80  130  -60  71.9304 107.5556
 -80  140   60  73.1178 111.2683
 -80  140  180  72.8684 113.8382
 -80  140  -60  73.2433 109.0631
 -80  150   60  73.9564 112.1650
 -80  150  180  73.7902 114.8790
 -80  150  -60  73.9244 110.0128
 -80  160   60  74.2032 112.3273
 -80  160  180  74.1757 115.2652
 -80  160  -60  74.1880 110.3651
 -80  170   60  73.9318 111.8588
 -80  170  180  73.9910 115.0416
 -80  170  -60  74.0032 109.9871
 -80  180   60  73.1372 110.8112
 -80  180  180  73.1469 114.2272
 -80  180  -60  73.1589 109.0144
 -80 -180   60  73.1372 110.8112
 -80 -180  180  73.1469 114.2272
 -80 -180  -60  73.1589 109.0144
 -80 -170   60  71.8654 109.6338
 -80 -170  180  71.7557 113.3408
 -80 -170  -60  71.7422 107.9243
 -80 -160   60  70.4588 108.5804
 -80 -160  180  70.3629 112.2977
 -80 -160  -60  70.3247 106.7073
 -80 -150   60  69.5209 107.8801
 -80 -150  180  69.3022 111.4885
 -80 -150  -60  69.1497 105.8247
 -80 -140   60  69.3588 107.8137
 -80 -140  180  68.7955 111.3901
 -80 -140  -60  68.6354 105.5893
 -80 -130   60  69.8361 108.4745
 -80 -130  180  69.0132 111.8559
 -80 -130  -60  69.0178 105.9672
 -80 -120   60  70.8270 109.7301
 -80 -120  180  69.8860 112.9374
 -80 -120  -60  70.3494 106.9188
 -80 -110   60  72.1174 111.4808
 -80 -110  180  71.2670 114.5670
 -80 -110  -60  72.4612 108.3581
 -80 -100   60  73.5850 113.3254
 -80 -100  180  72.9254 116.0384
 -80 -100  -60  73.7906 110.0023
 -80  -90   60  75.1799 115.0316
 -80  -90  180  74.6815 117.1001
 -80  -90  -60  75.4807 111.3284
 -80  -80   60  76.9151 116.6159
 -80  -80  180  76.3515 118.0037
 -80  -70   60  78.7516 117.7004
 -80  -70  180  77.8108 118.7174
 -80  -60   60  80.2989 118.1543
 -80  -60  180  78.9794 119.2273
 -80  -50   60  80.7822 117.8351
 -80  -50  180  79.6678 119.4232
 -80  -40   60  79.6297 116.4863
 -80  -40  180  79.7982 119.4851
 -80  -30   60  77.3710 114.9545
 -80  -30  180  79.8984 119.5241
 -80  -20   60  76.2495 113.5537
 -80  -20  180  80.4056 119.6187
 -80  -10   60  77.6843 112.2961
 -70    0   60  79.9062 109.4030
 -70   10   60  76.1012 108.3966
 -70   20   60  74.6394 109.0686
 -70   30   60  74.8991 109.8256
 -70   30  180  78.8182 116.0361
 -70   40   60  75.0996 109.6974
 -70   50   60  74.5037 108.7057
 -70   50  -60  76.0263 109.1676
 -70   60   60  73.0160 107.6477
 -70   60  -60  77.5612 107.5830
 -70   70   60  71.4726 107.2208
 -70   70  -60  77.0571 106.4478
 -70   80   60  70.3509 107.1004
 -70   80  -60  75.1703 105.5615
 -70   90   60  69.9630 107.2720
 -70   90  180  73.0835 110.3039
 -70   90  -60  73.0685 105.5705
 -70  100   60  70.3896 108.0148
 -70  100  180  72.1094 111.1886
 -70  100  -60  72.1333 106.3180
 -70  110   60  71.1717 109.3972
 -70  110  180  71.7815 112.2745
 -70  110  -60  72.7457 107.0111
 -70  120   60  72.4429 110.8941
 -70  120  180  72.4989 113.5847
 -70  120  -60  73.3620 108.7200
 -70  130   60  73.8524 112.5311
 -70  130  180  73.6705 114.9288
 -70  130  -60  74.2346 110.5268
 -70  140   60  74.9553 113.6866
 -70  140  180  74.7088 116.1619
 -70  140  -60  75.1361 111.6685
 -70  150   60  75.4709 114.1793
 -70  150  180  75.3395 116.9366
 -70  150  -60  75.4844 112.2526
 -70  160   60  75.4481 114.0118
 -70  160  180  75.4538 117.0764
 -70  160  -60  75.5585 112.2066
 -70  170   60  75.0072 113.2175
 -70  170  180  75.1256 116.5935
 -70  170  -60  75.2196 111.4667
 -70  180   60  74.2370 112.0032
 -70  180  180  74.1303 115.6516
 -70  180  -60  74.2928 110.2788
 -70 -180   60  74.2370 112.0032
 -70 -180  180  74.1303 115.6516
 -70 -180  -60  74.2928 110.2788
 -70 -170   60  73.1739 110.8826
 -70 -170  180  72.8651 114.6987
 -70 -170  -60  73.0906 109.1895
 -70 -160   60  72.0206 110.0096
 -70 -160  180  71.7542 113.7806
 -70 -160  -60  72.0208 108.1639
 -70 -150   60  71.3232 109.6061
 -70 -150  180  71.0607 113.3519
 -70 -150  -60  71.1671 107.6157
 -70 -140   60  71.3118 109.7775
 -70 -140  180  70.9212 113.4767
 -70 -140  -60  70.8968 107.6273
 -70 -130   60  71.7920 110.6359
 -70 -130  180  71.4074 114.2356
 -70 -130  -60  71.3446 108.2745
 -70 -120   60  72.6166 112.0267
 -70 -120  180  72.4087 115.5209
 -70 -120  -60  72.5191 109.3582
 -70 -110   60  73.6425 113.6363
 -70 -110  180  73.6837 116.9852
 -70 -110  -60  74.3536 110.5721
 -70 -100   60  74.7283 115.2545
 -70 -100  180  75.1077 118.1712
 -70 -100  -60  75.7262 112.0483
 -70  -90   60  75.8907 116.7387
 -70  -90  180  76.5331 119.1471
 -70  -90  -60  77.6741 113.1150
 -70  -80   60  77.1801 117.7853
 -70  -80  180  77.8101 119.8478
 -70  -70   60  78.4639 118.1641
 -70  -70  180  78.8061 120.0838
 -70  -60   60  79.1517 118.0758
 -70  -60  180  79.4258 119.9736
 -70  -50   60  78.9664 117.0776
 -70  -50  180  79.5397 119.8931
 -70  -40   60  77.7165 115.9251
 -70  -40  180  79.4131 119.6814
 -70  -30   60  76.3247 114.6324
 -70  -30  180  79.5453 119.4729
 -70  -20   60  76.9153 113.1237
 -70  -20  180  79.8968 119.3535
 -70  -10   60  79.3753 111.5312
 -60    0   60  72.1382 105.4744
 -60   10   60  68.6111 106.4728
 -60   20   60  71.3562 109.5791
 -60   20  180  77.1669 115.6852
 -60   30   60  73.8896 110.0160
 -60   40   60  74.9189 109.4171
 -60   40  -60  73.4771 110.6958
 -60   50   60  74.1922 108.4379
 -60   50  -60  78.1349 109.3875
 -60   60   60  72.8952 107.9750
 -60   60  -60  82.9998 108.5500
 -60   70   60  71.9361 108.1283
 -60   70  -60  80.4653 107.5395
 -60   80   60  71.5313 108.4532
 -60   80  -60  76.3749 107.0088
 -60   90   60  71.8073 109.3681
 -60   90  180  74.1577 112.2792
 -60   90  -60  74.5649 107.6412
 -60  100   60  72.4864 110.5558
 -60  100  180  73.2988 113.4179
 -60  100  -60  74.2724 108.4843
 -60  110   60  73.3863 111.9924
 -60  110  180  73.5636 114.7001
 -60  110  -60  74.5251 109.8567
 -60  120   60  74.5073 113.6915
 -60  120  180  74.3632 116.0491
 -60  120  -60  75.4105 111.8385
 -60  130   60  75.7182 115.0325
 -60  130  180  75.4809 117.3627
 -60  130  -60  76.2984 113.2996
 -60  140   60  76.6096 115.8399
 -60  140  180  76.3806 118.4847
 -60  140  -60  76.8057 114.0971
 -60  150   60  76.9279 116.0929
 -60  150  180  76.7919 119.0841
 -60  150  -60  76.9883 114.4602
 -60  160   60  76.7536 115.6113
 -60  160  180  76.7569 118.8931
 -60  160  -60  76.9571 114.0362
 -60  170   60  76.1960 114.5750
 -60  170  180  76.3000 118.1275
 -60  170  -60  76.5091 112.8643
 -60  180   60  75.4236 113.3247
 -60  180  180  75.2918 117.1438
 -60  180  -60  75.6018 111.6877
 -60 -180   60  75.4236 113.3247
 -60 -180  180  75.2918 117.1438
 -60 -180  -60  75.6018 111.6877
 -60 -170   60  74.5041 112.2423
 -60 -170  180  74.3133 116.0713
 -60 -170  -60  74.6195 110.5723
 -60 -160   60  73.6215 111.5795
 -60 -160  180  73.3949 115.4146
 -60 -160  -60  73.8223 109.7515
 -60 -150   60  73.1013 111.3309
 -60 -150  180  72.8548 115.2500
 -60 -150  -60  73.3008 109.4636
 -60 -140   60  73.1092 111.8443
 -60 -140  180  72.8672 115.7927
 -60 -140  -60  73.2586 109.8325
 -60 -130   60  73.5259 112.7464
 -60 -130  180  73.4787 116.6445
 -60 -130  -60  73.7442 110.4920
 -60 -120   60  74.1976 114.1216
 -60 -120  180  74.5116 118.0305
 -60 -120  -60  74.8278 111.5153
 -60 -110   60  75.0082 115.6799
 -60 -110  180  75.7589 119.3547
 -60 -110  -60  76.3438 112.6949
 -60 -100   60  75.8415 117.0258
 -60 -100  180  77.0094 120.3479
 -60 -100  -60  77.7100 113.9454
 -60  -90   60  76.6766 117.9392
 -60  -90  180  78.1000 120.9942
 -60  -90  -60  79.4682 114.5179
 -60  -80   60  77.4263 118.4517
 -60  -80  180  78.9476 121.2157
 -60  -70   60  77.7715 118.3239
 -60  -70  180  79.4647 120.8797
 -60  -60   60  78.0394 117.5308
 -60  -60  180  79.6100 120.3695
 -60  -50   60  77.6813 116.7216
 -60  -50  180  79.4781 119.9234
 -60  -40   60  76.6739 115.4300
 -60  -40  180  79.3042 119.4996
 -60  -30   60  76.3375 114.1801
 -60  -30  180  79.2350 119.1620
 -60  -20   60  78.7996 112.2179
 -60  -20  180  79.1423 118.6768
 -60  -10   60  81.0155 108.9043
 -50   20   60  68.9121 109.4660
 -50   20  180  77.6944 113.9264
 -50   30   60  73.8725 109.5601
 -50   40   60  74.4237 108.5601
 -50   50   60  73.4042 107.9578
 -50   60   60  72.4591 108.2193
 -50   70   60  72.4325 109.1145
 -50   70  -60  81.1965 109.3432
 -50   80   60  72.7121 110.2600
 -50   80  -60  77.1619 108.7023
 -50   90   60  73.6707 111.5188
 -50   90  180  75.2530 114.2259
 -50   90  -60  75.9057 109.6519
 -50  100   60  74.3776 112.9207
 -50  100  180  74.8840 115.5958
 -50  100  -60  75.7872 110.9503
 -50  110   60  75.3679 114.4577
 -50  110  180  75.1703 116.8937
 -50  110  -60  76.2078 112.7565
 -50  120   60  76.3546 116.0523
 -50  120  180  75.9701 118.3348
 -50  120  -60  77.3257 114.6136
 -50  130   60  77.4287 117.0965
 -50  130  180  77.1321 119.6193
 -50  130  -60  77.9883 115.5589
 -50  140   60  78.1760 117.7837
 -50  140  180  77.9200 120.6426
 -50  140  -60  78.2729 116.2826
 -50  150   60  78.3301 117.6693
 -50  150  180  78.0886 120.7931
 -50  150  -60  78.4240 116.2179
 -50  160   60  78.0028 116.8632
 -50  160  180  78.0268 120.3030
 -50  160  -60  78.2970 115.2370
 -50  170   60  77.3182 115.5975
 -50  170  180  77.4189 119.3720
 -50  170  -60  77.7216 113.9263
 -50  180   60  76.4885 114.3552
 -50  180  180  76.6179 118.2550
 -50  180  -60  76.8386 112.7849
 -50 -180   60  76.4885 114.3552
 -50 -180  180  76.6179 118.2550
 -50 -180  -60  76.8386 112.7849
 -50 -170   60  75.6607 113.4093
 -50 -170  180  75.6937 117.3904
 -50 -170  -60  76.0301 111.7056
 -50 -160   60  74.9751 112.9135
 -50 -160  180  74.8980 117.0072
 -50 -160  -60  75.4593 111.1911
 -50 -150   60  74.6026 112.9427
 -50 -150  180  74.4766 117.1311
 -50 -150  -60  75.2448 111.1246
 -50 -140   60  74.6393 113.5965
 -50 -140  180  74.5949 117.7719
 -50 -140  -60  75.4093 111.6094
 -50 -130   60  75.0338 114.6495
 -50 -130  180  75.2260 118.8535
 -50 -130  -60  76.0908 112.4567
 -50 -120   60  75.6503 116.0615
 -50 -120  180  76.2771 120.2497
 -50 -120  -60  77.0953 113.5707
 -50 -110   60  76.3340 117.4246
 -50 -110  180  77.5117 121.4341
 -50 -110  -60  78.0691 114.8014
 -50 -100   60  76.8971 118.4521
 -50 -100  180  78.6183 122.2767
 -50 -100  -60  79.4521 115.6246
 -50  -90   60  77.2146 118.8712
 -50  -90  180  79.4551 122.4831
 -50  -90  -60  80.6080 115.9448
 -50  -80   60  77.2907 118.6982
 -50  -80  180  79.9472 121.9694
 -50  -70   60  77.5484 117.9840
 -50  -70  180  80.0768 121.1254
 -50  -60   60  77.4577 117.0480
 -50  -60  180  79.9026 120.3934
 -50  -50   60  76.9947 116.0848
 -50  -50  180  79.5596 119.7056
 -50  -40   60  76.4558 114.9722
 -50  -40  180  79.3033 119.1601
 -50  -30   60  78.0256 113.3241
 -50  -30  180  78.9896 118.5457
 -50  -20   60  82.8626 108.7504
 -50  -20  180  77.9756 117.7476
 -40    0  180  73.3583 112.8135
 -40   10  180  75.3462 111.5249
 -40   20   60  70.1525 109.4788
 -40   30   60  73.6619 108.1833
 -40   40   60  73.0481 107.2440
 -40   50   60  71.8670 107.3543
 -40   60   60  72.1648 108.5200
 -40   70   60  73.0858 110.3060
 -40   80   60  74.3041 111.8220
 -40   80  -60  77.3492 110.1602
 -40   90   60  75.0898 113.3556
 -40   90  180  76.7097 116.0247
 -40   90  -60  76.8985 111.4394
 -40  100   60  76.1092 114.8300
 -40  100  180  76.3446 117.3326
 -40  100  -60  76.8704 113.0698
 -40  110   60  77.0295 116.4755
 -40  110  180  76.5555 118.6224
 -40  110  -60  77.9083 115.1669
 -40  120   60  78.0201 117.9105
 -40  120  180  77.5675 120.1649
 -40  120  -60  78.8394 116.6226
 -40  130   60  79.0245 118.8772
 -40  130  180  78.7184 121.5874
 -40  130  -60  79.2467 117.5241
 -40  140   60  79.6003 119.2324
 -40  140  180  79.2095 122.1797
 -40  140  -60  79.5708 117.9697
 -40  150   60  79.5309 118.7736
 -40  150  180  79.3949 122.0266
 -40  150  -60  79.6830 117.3137
 -40  160   60  78.9987 117.5974
 -40  160  180  79.0641 121.2891
 -40  160  -60  79.4012 115.9888
 -40  170   60  78.1593 116.2705
 -40  170  180  78.3378 120.1925
 -40  170  -60  78.6670 114.7374
 -40  180   60  77.2775 115.1061
 -40  180  180  77.5120 119.1651
 -40  180  -60  77.8174 113.5452
 -40 -180   60  77.2775 115.1061
 -40 -180  180  77.5120 119.1651
 -40 -180  -60  77.8174 113.5452
 -40 -170   60  76.5468 114.1756
 -40 -170  180  76.6839 118.4356
 -40 -170  -60  77.1350 112.5338
 -40 -160   60  76.0247 113.9149
 -40 -160  180  76.0431 118.2332
 -40 -160  -60  76.7799 112.2641
 -40 -150   60  75.7924 114.2909
 -40 -150  180  75.8034 118.6256
 -40 -150  -60  76.7704 112.5291
 -40 -140   60  75.8957 115.0990
 -40 -140  180  76.0406 119.5253
 -40 -140  -60  77.1921 113.2394
 -40 -130   60  76.3013 116.3649
 -40 -130  180  76.7893 120.8757
 -40 -130  -60  77.9535 114.2477
 -40 -120   60  76.8893 117.7760
 -40 -120  180  77.9337 122.2449
 -40 -120  -60  78.9124 115.3129
 -40 -110   60  77.4634 118.9990
 -40 -110  180  79.1524 123.3632
 -40 -110  -60  79.8476 116.4065
 -40 -100   60  77.7463 119.5376
 -40 -100  180  80.1003 123.7386
 -40 -100  -60  80.8136 116.7990
 -40  -90   60  77.7663 119.3627
 -40  -90  180  80.6099 123.2499
 -40  -90  -60  80.9657 116.8085
 -40  -80   60  77.8254 118.5668
 -40  -80  180  80.6819 122.1967
 -40  -70   60  77.3791 117.5568
 -40  -70  180  80.4285 121.1315
 -40  -60   60  77.2441 116.7053
 -40  -60  180  80.0202 120.0796
 -40  -50   60  76.9484 115.4616
 -40  -50  180  79.6515 119.2995
 -40  -40   60  77.8248 114.1397
 -40  -40  180  79.1159 118.3824
 -40  -30   60  83.5919 109.7590
 -40  -30  180  78.1968 117.4120
 -40  -20  180  76.7394 116.3005
 -40  -10  180  74.2502 114.4856
 -30   20   60  71.4471 107.8859
 -30   30   60  71.8755 106.0506
 -30   50   60  70.5168 107.0491
 -30   60   60  72.4284 109.4546
 -30   70   60  74.3437 111.5586
 -30   70  -60  79.7186 110.6958
 -30   80   60  75.4794 113.2987
 -30   80  180  78.9077 115.6974
 -30   80  -60  77.6792 111.6520
 -30   90   60  76.5681 114.9573
 -30   90  180  77.4570 117.2976
 -30   90  -60  77.4143 113.0526
 -30  100   60  77.5172 116.5683
 -30  100  180  77.2609 118.4988
 -30  100  -60  78.2549 115.3158
 -30  110   60  78.4725 118.0669
 -30  110  180  77.8521 119.9905
 -30  110  -60  79.2278 116.9904
 -30  120   60  79.5828 119.2997
 -30  120  180  79.1644 121.7947
 -30  120  -60  79.7275 118.1394
 -30  130   60  80.4638 120.0963
 -30  130  180  79.9341 122.8936
 -30  130  -60  80.2953 118.9118
 -30  140   60  80.7214 120.1263
 -30  140  180  80.5226 123.2836
 -30  140  -60  80.6896 118.9200
 -30  150   60  80.3281 119.1741
 -30  150  180  80.2799 122.8426
 -30  150  -60  80.6339 117.7558
 -30  160   60  79.5118 117.8320
 -30  160  180  79.5593 121.7340
 -30  160  -60  80.0554 116.3349
 -30  170   60  78.5346 116.4538
 -30  170  180  78.7237 120.5376
 -30  170  -60  79.1596 114.8733
 -30  180   60  77.6866 115.3006
 -30  180  180  77.9283 119.5488
 -30  180  -60  78.3642 113.6698
 -30 -180   60  77.6866 115.3006
 -30 -180  180  77.9283 119.5488
 -30 -180  -60  78.3642 113.6698
 -30 -170   60  77.0977 114.6572
 -30 -170  180  77.2439 119.0910
 -30 -170  -60  77.8522 113.0583
 -30 -160   60  76.7672 114.7340
 -30 -160  180  76.8248 119.1505
 -30 -160  -60  77.7308 113.0945
 -30 -150   60  76.6953 115.3558
 -30 -150  180  76.8050 119.8402
 -30 -150  -60  77.9659 113.7126
 -30 -140   60  76.8933 116.4339
 -30 -140  180  77.2905 121.1185
 -30 -140  -60  78.5634 114.5251
 -30 -130   60  77.3900 117.8822
 -30 -130  180  78.2738 122.5846
 -30 -130  -60  79.5733 115.6374
 -30 -120   60  78.0229 119.2813
 -30 -120  180  79.5164 123.9089
 -30 -120  -60  80.7278 116.6706
 -30 -110   60  78.4965 120.1694
 -30 -110  180  80.6275 124.7082
 -30 -110  -60  81.2670 117.4867
 -30 -100   60  78.6933 120.1328
 -30 -100  180  81.2113 124.4714
 -30 -100  -60  81.6007 117.7428
 -30  -90   60  78.5454 119.3996
 -30  -90  180  81.2137 123.4377
 -30  -90  -60  80.8411 117.7368
 -30  -80   60  77.8986 118.2390
 -30  -80  180  80.8892 122.1317
 -30  -70   60  77.7009 117.1415
 -30  -70  180  80.4570 120.7863
 -30  -60   60  77.5356 115.9658
 -30  -60  180  79.9738 119.5872
 -30  -50   60  78.0667 114.7294
 -30  -50  180  79.2851 118.4076
 -30  -40   60  82.6031 111.2537
 -30  -40  180  78.5283 117.2558
 -30  -30  180  77.4017 115.8128
 -30  -20  180  74.8044 113.8783
 -20   50   60  70.7161 107.7451
 -20   60   60  73.5193 110.7243
 -20   70   60  75.5664 112.9110
 -20   70  -60  78.5627 111.2126
 -20   80   60  76.7156 114.7022
 -20   80  180  79.5464 117.1551
 -20   80  -60  78.3795 113.2974
 -20   90   60  77.6277 116.2727
 -20   90  180  77.8908 118.2214
 -20   90  -60  78.0193 114.9657
 -20  100   60  78.5961 117.8583
 -20  100  180  78.0196 119.4246
 -20  100  -60  79.1960 116.8914
 -20  110   60  79.7811 119.1997
 -20  110  180  79.2278 121.3031
 -20  110  -60  79.7621 118.2717
 -20  120   60  80.8781 120.2629
 -20  120  180  80.0036 122.8874
 -20  120  -60  80.5306 119.2282
 -20  130   60  81.4256 120.7687
 -20  130  180  80.9825 123.7739
 -20  130  -60  81.2521 119.7527
 -20  140   60  81.2393 120.2890
 -20  140  180  81.0019 123.7380
 -20  140  -60  81.4462 119.1229
 -20  150   60  80.4124 119.0058
 -20  150  180  80.4105 122.8523
 -20  150  -60  80.9493 117.6368
 -20  160   60  79.3786 117.6263
 -20  160  180  79.5313 121.6297
 -20  160  -60  79.9824 116.0302
 -20  170   60  78.4364 116.3304
 -20  170  180  78.6545 120.5119
 -20  170  -60  79.0606 114.6055
 -20  180   60  77.7378 115.3911
 -20  180  180  77.9196 119.7941
 -20  180  -60  78.5462 113.8341
 -20 -180   60  77.7378 115.3911
 -20 -180  180  77.9196 119.7941
 -20 -180  -60  78.5462 113.8341
 -20 -170   60  77.3653 115.0931
 -20 -170  180  77.4575 119.5824
 -20 -170  -60  78.3787 113.5690
 -20 -160   60  77.2741 115.4987
 -20 -160  180  77.3613 120.0320
 -20 -160  -60  78.5285 113.8382
 -20 -150   60  77.4133 116.3926
 -20 -150  180  77.6713 121.1379
 -20 -150  -60  79.0832 114.6244
 -20 -140   60  77.8170 117.7231
 -20 -140  180  78.4663 122.5905
 -20 -140  -60  80.1364 115.7097
 -20 -130   60  78.4956 119.2710
 -20 -130  180  79.6659 124.0935
 -20 -130  -60  81.3767 117.0057
 -20 -120   60  79.1561 120.5516
 -20 -120  180  80.8653 125.2733
 -20 -120  -60  82.3005 117.9504
 -20 -110   60  79.4702 120.8115
 -20 -110  180  81.5620 125.4445
 -20 -110  -60  82.2576 118.4571
 -20 -100   60  79.2639 120.2379
 -20 -100  180  81.5749 124.6882
 -20 -100  -60  81.8161 118.5574
 -20  -90   60  78.6699 119.0135
 -20  -90  180  81.1502 123.2957
 -20  -90  -60  80.0558 118.2931
 -20  -80   60  78.2633 117.7925
 -20  -80  180  80.6196 121.7642
 -20  -70   60  77.9652 116.4932
 -20  -70  180  80.0381 120.2138
 -20  -60   60  78.3714 115.1376
 -20  -60  180  79.3509 118.7463
 -20  -50   60  81.2958 112.6456
 -20  -50  180  78.7992 117.3751
 -20  -40  180  77.9283 115.9468
 -20  -30  180  75.6360 113.6948
 -10   50   60  72.2248 109.4485
 -10   60   60  75.2548 112.3113
 -10   70   60  76.7574 114.0110
 -10   70  180  82.3379 116.7774
 -10   70  -60  78.1073 112.0699
 -10   80   60  77.8295 115.6588
 -10   80  180  78.9057 117.6872
 -10   80  -60  77.7711 114.2978
 -10   90   60  78.7134 117.2099
 -10   90  180  78.3204 118.8317
 -10   90  -60  79.1024 116.1397
 -10  100   60  79.7774 118.5920
 -10  100  180  79.1922 120.2477
 -10  100  -60  79.8949 117.8140
 -10  110   60  80.8625 119.8503
 -10  110  180  79.9379 122.2501
 -10  110  -60  80.6479 119.0347
 -10  120   60  81.5853 120.7765
 -10  120  180  81.0487 123.5050
 -10  120  -60  81.5822 119.8649
 -10  130   60  81.6652 120.7918
 -10  130  180  81.2566 124.0325
 -10  130  -60  81.8522 119.7479
 -10  140   60  80.9298 119.8773
 -10  140  180  80.7986 123.6483
 -10  140  -60  81.0729 118.6657
 -10  150   60  79.7725 118.5757
 -10  150  180  79.9504 122.5841
 -10  150  -60  80.1149 117.0822
 -10  160   60  78.7425 117.2556
 -10  160  180  79.0377 121.4218
 -10  160  -60  79.2121 115.6275
 -10  170   60  78.0081 116.1524
 -10  170  180  78.2335 120.4514
 -10  170  -60  78.6865 114.4742
 -10  180   60  77.5703 115.5282
 -10  180  180  77.6854 119.9672
 -10  180  -60  78.5453 113.8736
 -10 -180   60  77.5703 115.5282
 -10 -180  180  77.6854 119.9672
 -10 -180  -60  78.5453 113.8736
 -10 -170   60  77.4651 115.5667
 -10 -170  180  77.5430 120.0779
 -10 -170  -60  78.6781 113.9207
 -10 -160   60  77.6381 116.2751
 -10 -160  180  77.8210 121.0269
 -10 -160  -60  79.2292 114.6107
 -10 -150   60  78.0294 117.5094
 -10 -150  180  78.4718 122.4059
 -10 -150  -60  80.2231 115.6415
 -10 -140   60  78.7383 119.0749
 -10 -140  180  79.5326 124.0113
 -10 -140  -60  81.4311 116.9784
 -10 -130   60  79.5284 120.6394
 -10 -130  180  80.7649 125.4652
 -10 -130  -60  82.5293 118.2991
 -10 -120   60  80.0143 121.3924
 -10 -120  180  81.5878 126.1480
 -10 -120  -60  83.1909 119.0063
 -10 -110   60  79.8720 121.1026
 -10 -110  180  81.6495 125.8332
 -10 -110  -60  83.1558 119.1622
 -10 -100   60  79.2477 119.9674
 -10 -100  180  81.1645 124.5951
 -10 -100  -60  81.1436 118.9567
 -10  -90   60  78.6576 118.6392
 -10  -90  180  80.4961 122.9581
 -10  -90  -60  78.7985 118.3220
 -10  -80   60  78.2193 117.2365
 -10  -80  180  79.8254 121.2850
 -10  -80  -60  74.6653 117.8820
 -10  -70   60  78.4533 115.8181
 -10  -70  180  79.1633 119.6013
 -10  -60   60  80.2571 113.8781
 -10  -60  180  78.6913 118.1051
 -10  -50  180  78.0306 116.4836
 -10  -40  180  76.1837 114.2479
