   0   60  82.6886 101.7199
   0   70  81.5105 104.5258
   0   80  82.1456 107.3883
   0   90  83.3284 109.1027
   0  100  84.1830 110.5364
   0  110  84.8690 111.5649
   0  120  84.8755 111.5203
   0  130  84.2337 110.8772
   0  140  82.9273 109.5654
   0  150  80.8497 107.8219
   0  160  78.6944 106.2653
   0  170  86.4736 105.3028
   0  -70  80.0486 100.7336
   0  -60  81.2788 99.8509
   0  -50  79.9975 98.7065
  10   50  84.0006 99.4010
  10   60  81.6336 103.7766
  10   70  82.0276 106.6087
  10   80  82.8395 108.5372
  10   90  83.7612 110.0483
  10  100  84.5024 111.1867
  10  110  84.5734 111.4928
  10  120  84.1054 111.0191
  10  130  82.9945 109.9486
  10  140  81.4272 108.2701
  10  150  79.7132 106.4943
  10  160  78.7854 105.0804
  10  170  91.2096 104.5713
  10  -70  79.6916 101.9188
  10  -60  79.3172 99.4901
  20    0  79.9267 99.6561
  20   40  85.2991 96.9711
  20   50  81.9318 102.1479
  20   60  81.8690 105.5385
  20   70  82.2219 107.8047
  20   80  82.4459 110.1517
  20   90  83.1887 111.3270
  20  100  83.5702 111.5692
  20  110  83.7249 110.7331
  20  120  82.7225 109.9351
  20  130  81.4661 108.4818
  20  140  80.0655 106.8108
  20  150  79.3326 105.3131
  20  160  80.9127 104.4200
  20  -80  78.7417 102.3859
  20  -70  78.8593 100.6906
  20  -60  77.0716 98.2472
  30    0  78.8720 100.6878
  30   30  85.3962 96.9898
  30   40  82.0965 100.5918
  30   50  81.5739 104.1051
  30   60  81.5238 106.8391
  30   70  81.5378 109.1669
  30   80  81.9012 110.3636
  30   90  82.4601 111.1412
  30  100  83.1150 110.8155
  30  110  82.5655 109.2884
  30  120  81.3318 108.1616
  30  130  80.5121 106.9370
  30  140  80.1955 105.9053
  30  150  79.7658 104.5799
  30  160  87.6216 103.2514
  30  -80  77.8817 102.3028
  30  -70  77.8118 99.5074
  30  -60  75.7068 97.8726
  30  -10  76.4221 99.3448
  40    0  77.9131 101.0686
  40   40  80.4947 103.0537
  40   50  80.8839 105.4835
  40   60  80.5135 108.0084
  40   90  82.5065 110.2861
  40  100  82.3515 109.5243
  40  110  81.9535 108.0810
  40  120  80.8075 107.1856
  40  130  79.7825 106.2787
  40  140  79.4919 105.1665
  40  150  81.8509 105.5440
  40  -80  77.1392 101.8848
  40  -30  76.1360 97.7760
  40  -20  77.6418 101.2505
  40  -10  76.9940 101.1641
  50   40  79.7304 104.2846
  50   90  81.7681 109.5656
  50  100  81.4264 108.2727
  50  110  80.7879 107.0540
  50  120  79.6409 106.4512
  50  130  79.0483 105.6331
  50  140  79.4365 104.7425
  50  150  81.0842 105.6684
  50  -30  78.4855 102.0529
  50  -20  78.8654 102.9345
  50  -10  78.0745 102.0497
  60   90  81.5320 108.4136
  60  100  80.8244 106.7717
  60  110  80.0800 106.2654
  60  120  79.4578 105.8976
  60  130  79.7143 105.5933
  60  140  79.7848 106.4319
  60  150  80.8136 106.0187
  60  160  83.4417 105.8488
  60  -40  79.3565 101.0157
  60  -30  79.9945 103.0095
  60  -20  79.6249 101.9600
  70   90  80.3707 107.9433
  70  100  79.5874 107.2746
  70  110  80.0279 106.3853
  70  120  80.2753 105.2792
  70  130  81.0777 105.4189
  70  140  80.3339 106.3019
  70  150  81.0155 106.0198
  70  160  81.6331 105.9009
  70  170  82.5099 105.3966
  70  180  82.4623 107.6997
  70 -180  82.4623 107.6997
  70 -170  79.4958 106.7990
  70  -40  80.3702 101.7255
  70  -30  80.7240 102.0002
  80   90  81.6377 107.7691
  80  100  80.6804 107.1895
  80  110  80.1724 106.0193
  80  120  80.6022 105.3064
  80  130  81.6885 105.5775
  80  140  81.3632 106.2286
  80  150  81.3494 106.4602
  80  160  80.9871 105.4725
  80  170  81.5300 106.4170
  80  180  80.0682 105.7308
  80 -180  80.0682 105.7308
  90  110  80.8806 105.1037
  90  120  81.0716 105.6384
  90  130  82.0342 106.1742
  90  140  81.8529 106.1539
  90  150  81.8948 105.1705
  90  160  82.4318 106.9197
  90  170  81.1047 106.8069
 100  110  81.6703 106.6209
 100  120  81.3197 106.7442
 100  130  81.9513 106.8570
 100  140  81.8178 106.6249
 100  150  82.1946 105.6755
 100  160  82.5224 105.9933
 110  110  80.7769 107.7683
 110  120  81.0964 108.1601
 110  130  81.2508 107.8643
 110  140  81.2947 107.4147
 110  150  82.2007 107.2222
 120  100  80.9055 111.4000
 120  110  80.9024 109.4450
 120  120  80.9049 109.3202
 120  130  80.7265 109.0719
 120  140  81.2217 108.1590
 120  150  80.8201 107.9641
 130   90  79.6982 111.9527
 130  100  80.9367 110.8217
 130  110  81.5218 111.2474
 130  120  81.0783 110.9763
 130  130  81.4625 109.4008
 130  140  81.2105 108.7643
 140   90  79.5525 108.2061
 140  100  82.2573 112.3017
 140  110  81.9821 113.0263
 150   80  79.0955 106.0461
 150   90  82.1979 111.4920
 150  100  82.3774 112.9228
 160   70  80.3985 107.1475
 160   80  81.4833 109.0003
 160   90  82.6161 112.8542
 160  100  82.7433 110.5073
 160  120  83.6103 106.9907
 160  130  85.2431 106.4365
 160  140  84.9837 100.4011
 170   50  78.4034 107.4038
 170   60  78.6541 107.4971
 170   70  80.6398 108.2936
 170   80  82.3477 111.6063
 170   90  83.3518 109.8295
 170  100  83.5679 107.9660
 170  110  83.3916 106.0583
 170  120  82.9586 103.0307
 170  130  82.3710 99.5451
 170  140  83.1608 95.5379
 180   40  77.3993 105.0712
 180   50  78.9467 106.8367
 180   60  80.9340 109.4358
 180   70  81.4707 109.1953
 180   80  82.8602 107.7000
 180   90  83.1573 106.1545
 180  100  82.7498 104.8404
 180  110  81.9925 102.3817
 180  120  81.1320 100.8501
 180  130  80.3949 97.4440
 180  -90  84.2603 105.2068
-180   40  77.3993 105.0712
-180   50  78.9467 106.8367
-180   60  80.9340 109.4358
-180   70  81.4707 109.1953
-180   80  82.8602 107.7000
-180   90  83.1573 106.1545
-180  100  82.7498 104.8404
-180  110  81.9925 102.3817
-180  120  81.1320 100.8501
-180  130  80.3949 97.4440
-180  -90  84.2603 105.2068
-170   30  76.6611 103.6172
-170   40  78.5643 104.7168
-170   50  80.3506 107.1563
-170   60  82.7666 106.9521
-170   70  82.1426 105.4660
-170   80  82.5940 104.2040
-170   90  82.1552 103.3181
-170  100  81.3340 101.9690
-170  110  80.8157 100.5426
-170  120  79.3134 99.5450
-170  130  78.9421 99.0405
-170 -100  84.8490 107.0176
-160   20  77.1203 104.0130
-160   30  78.7079 102.3026
-160   40  80.6576 105.1202
-160   50  82.6189 105.3779
-160   60  83.7964 104.0887
-160   70  82.0795 102.7246
-160   80  82.0061 101.9863
-160   90  80.9369 101.1975
-160  100  79.5268 100.5321
-160  110  78.6074 100.6033
-160  120  76.9865 98.8484
-160 -110  85.6236 108.1555
-160 -100  84.1547 105.1858
-150    0  78.7107 103.3332
-150   10  76.7614 105.3768
-150   20  76.7292 103.5912
-150   30  78.8812 102.6890
-150   40  81.4454 101.8253
-150   50  83.2036 100.3513
-150   60  83.8537 99.9783
-150   70  81.6689 101.1387
-150   80  81.1347 100.9550
-150   90  79.4103 99.9827
-150  100  77.3399 99.9677
-150  110  75.1705 99.3443
-150  120  74.4882 98.1931
-150 -120  86.1230 108.8077
-150 -110  85.8179 109.0786
-150 -100  84.5791 104.6929
-150  -90  83.2876 104.7995
-150  -50  80.6454 102.2540
-150  -40  81.6068 103.2146
-140    0  77.7089 106.1612
-140   10  77.0501 103.4460
-140   20  79.0059 103.6426
-140   30  80.6135 102.8483
-140   40  82.6249 101.8665
-140   50  83.6045 101.8658
-140   60  82.8676 102.1347
-140   70  80.8558 101.2728
-140   80  79.2512 98.9040
-140   90  77.4843 99.1390
-140  100  74.8552 98.7804
-140  110  72.8686 98.3549
-140  120  70.7538 97.0664
-140  130  71.0344 94.7611
-140  180  76.6218 101.9652
-140 -180  76.6218 101.9652
-140 -170  79.8786 105.4766
-140 -160  78.0633 105.1170
-140 -130  86.8571 110.1351
-140 -120  86.3230 108.4508
-140 -110  82.9548 105.2981
-140 -100  82.3681 105.3292
-140  -90  82.4728 105.0957
-140  -80  81.9771 105.1515
-140  -70  80.8211 102.9022
-140  -60  80.3490 102.0899
-140  -50  80.0811 102.1779
-140  -40  80.6312 102.0591
-140  -30  78.1555 103.0086
-140  -20  77.7159 102.8995
-140  -10  77.5003 106.1907
-130    0  79.3591 103.7170
-130   10  79.4129 103.3719
-130   20  79.9580 102.5082
-130   30  81.9355 102.2253
-130   40  83.4998 102.2002
-130   50  83.5369 102.3345
-130   60  81.9374 100.8258
-130   70  79.1489 100.4829
-130   80  77.6701 99.0133
-130   90  75.3456 98.2032
-130  100  72.6200 97.2108
-130  110  71.1774 96.1880
-130  120  69.6144 94.5734
-130  130  70.4993 91.4698
-130  140  72.9316 96.2215
-130  150  77.2256 96.1534
-130  160  78.6929 100.7396
-130  170  79.1358 102.4748
-130  180  78.6500 104.8313
-130 -180  78.6500 104.8313
-130 -170  78.5323 104.7235
-130 -160  81.4237 110.5809
-130 -130  87.0239 109.4775
-130 -120  85.3034 108.9322
-130 -110  81.7840 106.0846
-130 -100  82.9215 105.8610
-130  -90  83.0106 105.0737
-130  -80  82.8774 104.1931
-130  -70  82.2804 103.0864
-130  -60  82.2731 102.1127
-130  -50  81.9248 101.1728
-130  -40  79.8787 101.0446
-130  -30  78.4355 100.8034
-130  -20  79.0587 106.4163
-130  -10  79.5163 104.3327
-120    0  79.9608 102.8619
-120   10  79.8361 102.2175
-120   20  81.2654 102.1635
-120   30  83.0848 102.3445
-120   40  83.8066 102.6698
-120   50  82.7810 102.2497
-120   60  80.0421 101.0336
-120   70  77.6552 99.4435
-120   80  75.8309 98.1467
-120   90  73.9063 96.6463
-120  100  71.5657 95.1083
-120  110  70.4599 93.7839
-120  120  70.1116 93.6141
-120  130  70.2192 91.2765
-120  140  71.3369 96.8976
-120  150  75.4864 98.7360
-120  160  73.9957 99.8378
-120  170  76.6966 102.2518
-120  180  78.1304 103.9003
-120 -180  78.1304 103.9003
-120 -170  77.7093 106.2076
-120 -140  88.1157 110.6127
-120 -130  85.1284 110.3910
-120 -120  83.1620 109.5892
-120 -110  83.6275 108.7699
-120 -100  83.8087 107.6747
-120  -90  82.9131 105.1119
-120  -80  81.8701 103.9187
-120  -70  81.1151 102.6862
-120  -60  80.7054 101.4804
-120  -50  80.1971 101.3824
-120  -40  79.7263 102.0960
-120  -30  80.1567 102.9634
-120  -20  80.6337 103.6569
-120  -10  80.1902 103.2944
-110    0  80.1857 102.0720
-110   10  80.5749 101.7908
-110   20  82.4697 102.1336
-110   30  83.6836 102.4855
-110   40  83.3834 102.5955
-110   50  81.6271 101.9166
-110   60  78.8901 100.4636
-110   70  76.1298 98.3245
-110   80  73.8960 96.8740
-110   90  71.3603 95.2628
-110  100  70.3777 93.7853
-110  110  70.5462 92.2894
-110  120  70.8671 93.3226
-110  130  70.6617 95.2036
-110  140  72.3278 96.8649
-110  150  73.7364 99.5230
-110  160  78.2975 101.8028
-110  170  79.7700 103.0542
-110  180  80.1000 103.6507
-110 -180  80.1000 103.6507
-110 -170  78.8301 106.1322
-110 -140  87.6885 111.0855
-110 -130  84.2866 110.2287
-110 -120  83.9356 109.7495
-110 -110  84.8028 108.4952
-110 -100  84.2602 107.0986
-110  -90  82.6793 105.9710
-110  -80  81.8099 103.4970
-110  -70  81.3412 101.7849
-110  -60  81.0174 101.1597
-110  -50  80.9322 101.2157
-110  -40  81.2477 102.2664
-110  -30  81.8824 102.6603
-110  -20  81.8331 102.8066
-110  -10  80.9622 102.7202
-100    0  80.6912 101.7133
-100   10  82.0367 102.0012
-100   20  83.4187 102.3458
-100   30  83.8022 102.6885
-100   40  82.6600 102.2370
-100   50  80.1007 101.2877
-100   60  77.8160 99.4502
-100   70  75.2692 97.6040
-100   80  73.3814 96.0366
-100   90  71.5662 94.2568
-100  100  70.3105 92.7176
-100  110  70.4130 93.1069
-100  120  70.7516 94.2167
-100  130  72.8857 97.0876
-100  140  74.8019 98.6159
-100  150  77.0736 100.8010
-100  160  75.8795 101.3055
-100  170  80.0839 103.8474
-100  180  79.0017 105.9434
-100 -180  79.0017 105.9434
-100 -170  84.1753 108.8517
-100 -150  89.3936 111.5157
-100 -140  86.4081 110.7596
-100 -130  84.3371 110.4171
-100 -120  85.2996 109.2207
-100 -110  85.4351 107.7956
-100 -100  83.9165 106.4667
-100  -90  82.0117 105.1455
-100  -80  82.4282 102.7313
-100  -70  81.4487 101.4944
-100  -60  81.5095 101.1575
-100  -50  81.9370 101.3469
-100  -40  82.3790 101.8914
-100  -30  82.4356 102.3136
-100  -20  81.7080 102.4044
-100  -10  80.8041 102.1196
 -90    0  81.2983 101.9105
 -90   10  82.8631 102.2445
 -90   20  83.6499 102.5853
 -90   30  83.2254 102.6507
 -90   40  81.3381 102.0472
 -90   50  79.5621 100.4943
 -90   60  77.5440 98.5972
 -90   70  75.4323 96.7819
 -90   80  74.0440 95.3511
 -90   90  72.7629 94.2366
 -90  100  72.1464 93.6908
 -90  110  72.2235 94.1236
 -90  120  72.9873 95.3110
 -90  130  74.1944 97.6365
 -90  140  74.8348 98.8390
 -90  150  76.2318 101.1764
 -90  160  76.7911 102.9601
 -90  170  80.1799 105.3293
 -90  180  80.7501 106.6093
 -90 -180  80.7501 106.6093
 -90 -170  86.8212 110.0923
 -90 -160  89.7138 111.1620
 -90 -150  87.9183 110.9693
 -90 -140  85.0334 110.7279
 -90 -130  83.8754 109.2862
 -90 -120  86.1392 108.7439
 -90 -110  84.7324 107.2291
 -90 -100  82.6187 105.4860
 -90  -90  81.1915 104.4438
 -90  -80  83.0839 102.5221
 -90  -70  82.2845 101.3598
 -90  -60  82.5973 101.1378
 -90  -50  82.9335 101.3008
 -90  -40  82.9816 101.6630
 -90  -30  82.6440 102.1017
 -90  -20  81.8535 102.1916
 -90  -10  81.2120 102.0195
 -80    0  81.7354 102.2444
 -80   10  83.0798 102.5487
 -80   20  83.0115 102.6714
 -80   30  82.0112 102.3004
 -80   40  80.3630 101.4075
 -80   50  79.2601 100.0233
 -80   60  77.7777 98.3512
 -80   70  76.3605 96.6619
 -80   80  75.1082 95.2502
 -80   90  74.5037 94.7459
 -80  100  74.0657 94.9423
 -80  110  74.3178 95.8886
 -80  120  74.3851 96.9937
 -80  130  75.4545 98.9557
 -80  140  76.4750 101.4938
 -80  150  77.1472 103.1822
 -80  160  79.8199 106.0566
 -80  170  80.3684 106.3915
 -80  180  84.7130 109.0556
 -80 -180  84.7130 109.0556
 -80 -170  88.3494 110.2285
 -80 -160  88.6256 110.6343
 -80 -150  85.5867 110.4077
 -80 -140  82.8157 109.1348
 -80 -130  84.5133 108.0799
 -80 -120  85.7085 107.8245
 -80 -110  83.2980 105.8849
 -80 -100  81.6196 104.3257
 -80  -90  80.9755 103.8792
 -80  -80  83.2415 102.0780
 -80  -70  82.9466 101.0787
 -80  -60  83.2573 100.8098
 -80  -50  83.3591 100.9468
 -80  -40  83.1223 101.5002
 -80  -30  82.5579 101.9036
 -80  -20  81.8775 102.1370
 -80  -10  81.5920 102.2403
 -70    0  81.8250 102.4329
 -70   10  82.3172 102.4917
 -70   20  81.8717 102.3731
 -70   30  80.3496 101.8115
 -70   40  80.1599 100.9395
 -70   50  79.4586 99.7233
 -70   60  78.6830 98.3456
 -70   70  78.0165 96.9533
 -70   80  77.1379 96.0357
 -70   90  76.1489 95.6832
 -70  100  75.6247 96.5667
 -70  110  75.8578 97.9595
 -70  120  76.4498 99.6628
 -70  130  77.3043 101.5711
 -70  140  77.9291 103.3233
 -70  150  78.5779 104.7072
 -70  160  80.3347 107.6025
 -70  170  81.2278 107.2751
 -70  180  86.3450 109.3408
 -70 -180  86.3450 109.3408
 -70 -170  88.0260 110.0025
 -70 -160  85.7943 109.7109
 -70 -150  82.4650 108.8864
 -70 -140  82.3484 108.0939
 -70 -130  87.0681 107.2613
 -70 -120  83.8139 106.3985
 -70 -110  81.4264 103.2561
 -70 -100  80.6589 102.8183
 -70  -90  80.8147 102.9954
 -70  -80  83.1438 101.2537
 -70  -70  83.2483 100.3113
 -70  -60  83.2975 100.0042
 -70  -50  83.0952 100.3794
 -70  -40  82.8085 101.0010
 -70  -30  82.3813 101.8058
 -70  -20  82.1148 102.0836
 -70  -10  82.0839 102.2116
 -60    0  81.2349 102.0581
 -60   10  80.0209 101.6700
 -60   20  79.4904 101.2889
 -60   30  79.7947 100.9469
 -60   40  80.0354 100.4254
 -60   50  80.0328 99.5324
 -60   60  79.6344 98.9055
 -60   70  79.4081 97.8767
 -60   80  78.5992 97.7879
 -60   90  78.3870 97.7683
 -60  100  77.7237 98.9887
 -60  110  77.7158 100.6481
 -60  120  78.1666 102.3792
 -60  130  78.7182 104.0474
 -60  140  79.2210 105.5279
 -60  150  80.0663 106.3835
 -60  160  81.0489 108.5016
 -60  170  82.5736 107.8759
 -60  180  86.3082 109.3945
 -60 -180  86.3082 109.3945
 -60 -170  85.8490 109.0362
 -60 -160  82.5593 108.2620
 -60 -150  80.7252 108.0493
 -60 -140  85.6835 107.2276
 -60 -100  79.5523 100.9604
 -60  -90  80.7071 101.8664
 -60  -80  82.6835 99.7169
 -60  -70  82.7133 98.8889
 -60  -60  82.5294 98.9324
 -60  -50  82.5331 99.7801
 -60  -40  82.5806 100.8897
 -60  -30  82.5469 101.6137
 -60  -20  82.5010 102.0335
 -60  -10  82.1572 102.3024
 -50    0  79.9414 100.8341
 -50   10  78.3075 100.0613
 -50   20  78.3833 99.8242
 -50   30  79.3886 99.8268
 -50   40  80.3504 99.8875
 -50   50  81.3355 99.8292
 -50   60  82.6673 98.8978
 -50   70  82.2487 98.5963
 -50   80  80.8101 99.4052
 -50   90  80.1284 100.2609
 -50  100  79.4049 102.0174
 -50  110  79.2577 103.3558
 -50  120  79.5677 104.9761
 -50  130  79.9203 106.3420
 -50  140  80.3659 107.3056
 -50  150  81.0625 107.6881
 -50  160  81.8415 109.1928
 -50  170  84.1641 109.1528
 -50  180  84.6903 108.2882
 -50 -180  84.6903 108.2882
 -50 -170  82.2922 107.6679
 -50 -160  79.8054 107.5697
 -50 -150  83.4880 107.1521
 -50 -100  78.2499 99.2302
 -50  -90  80.5999 100.0721
 -50  -80  81.5307 97.2563
 -50  -70  81.3223 96.7168
 -50  -60  81.5203 97.6543
 -50  -50  82.0835 99.4366
 -50  -40  82.5622 100.6367
 -50  -30  82.7959 101.4265
 -50  -20  82.6121 101.9051
 -50  -10  81.7520 101.6112
 -40   20  77.6454 98.0313
 -40   30  79.6454 98.8153
 -40   40  82.0000 99.7871
 -40   50  85.8729 99.5154
 -40   60  86.1370 98.9387
 -40   70  83.8915 99.7559
 -40   80  81.8448 101.2600
 -40   90  80.8783 102.4883
 -40  100  80.3574 104.2261
 -40  110  80.4748 105.8607
 -40  120  80.8737 107.0656
 -40  130  81.1373 108.2125
 -40  140  81.6065 108.7091
 -40  150  82.0221 108.6634
 -40  160  82.2737 109.6625
 -40  170  83.0520 108.5460
 -40  180  81.6180 107.2872
 -40 -180  81.6180 107.2872
 -40 -170  79.2777 106.7311
 -40 -160  81.9862 106.6949
 -40 -100  77.3842 96.8933
 -40  -60  80.6113 96.8625
 -40  -50  81.9358 99.1087
 -40  -40  82.7524 100.6183
 -40  -30  82.9324 101.3511
 -40  -20  82.3179 101.1498
 -40  -10  80.1012 99.9973
 -30   20  77.9321 96.5374
 -30   30  81.4101 98.5071
 -30   70  83.6940 101.3480
 -30   80  81.7189 103.2255
 -30   90  81.1322 104.5649
 -30  100  81.1434 106.2020
 -30  110  81.7197 107.7424
 -30  120  82.1972 108.9471
 -30  130  82.5517 109.6207
 -30  140  82.7909 109.7591
 -30  150  82.7600 109.2260
 -30  160  82.0613 109.3959
 -30  170  80.8193 108.0257
 -30  180  78.9805 106.6750
 -30 -180  78.9805 106.6750
 -30 -170  81.1969 105.8904
 -30  -60  80.3889 96.9099
 -30  -50  82.1594 99.3162
 -30  -40  82.9366 100.6593
 -30  -30  82.6165 100.6299
 -20   20  79.4973 96.8103
 -20   70  82.8053 102.2825
 -20   80  81.5262 104.1676
 -20   90  81.4256 106.1339
 -20  100  82.1671 107.8831
 -20  110  83.0191 109.2908
 -20  120  83.5577 110.2624
 -20  130  83.8276 110.6614
 -20  140  83.7144 110.1731
 -20  150  82.8724 109.2268
 -20  160  80.9670 108.6922
 -20  170  79.1691 107.0819
 -20  180  81.0466 105.7763
 -20 -180  81.0466 105.7763
 -20  -60  80.9040 97.9525
 -20  -50  82.4912 99.7956
 -20  -40  82.5420 100.2071
 -10   60  84.4639 101.1660
 -10   70  81.9283 103.7288
 -10   80  81.4683 105.6169
 -10   90  82.2921 107.8058
 -10  100  83.3921 109.3627
 -10  110  84.1605 110.7462
 -10  120  84.5905 111.3212
 -10  130  84.5432 111.1032
 -10  140  83.7370 110.1482
 -10  150  82.1196 108.8328
 -10  160  79.4320 107.4089
 -10  170  80.9026 105.9175
 -10  180  87.9547 104.5964
 -10 -180  87.9547 104.5964
 -10  -60  81.2620 99.3204
 -10  -50  82.0866 99.8661
 -10  -40  80.5363 98.7227
