   0   50  75.6895 96.9676
   0   60  78.6993 94.4673
   0  130  74.4787 96.3833
   0  140  70.4764 97.6215
   0  150  68.9776 94.1525
   0  160  70.9184 94.9579
   0  170  74.2604 97.9386
   0  180  76.7574 100.4731
   0 -180  76.7574 100.4731
   0 -170  78.4597 102.1904
   0 -160  79.8527 104.1023
   0 -150  80.8665 106.1499
   0 -140  81.8229 108.1333
   0 -130  82.8600 109.8423
   0 -120  82.9253 111.0578
   0 -110  82.4732 110.8037
   0 -100  81.7697 110.1798
   0  -90  81.0641 109.3639
   0  -80  80.5459 107.7388
   0  -70  80.6071 105.1090
   0  -60  85.6856 101.0537
  10   40  75.4993 97.1486
  10   50  78.2893 96.9263
  10  130  71.7307 94.9222
  10  140  69.3632 95.1973
  10  150  70.2146 95.8095
  10  160  73.0600 98.5234
  10  170  75.6280 100.7029
  10  180  77.9650 101.9978
  10 -180  77.9650 101.9978
  10 -170  79.4905 103.5820
  10 -160  80.3855 105.1365
  10 -150  81.3224 107.2942
  10 -140  82.4078 108.8573
  10 -130  82.7904 110.6529
  10 -120  82.4769 111.3416
  10 -110  81.7463 110.4696
  10 -100  80.9681 109.5413
  10  -90  80.3379 108.2547
  10  -80  80.1968 106.1507
  10  -70  82.7479 103.7357
  20   40  77.6664 98.4361
  20   50  81.3353 96.3397
  20  120  73.4947 96.7551
  20  130  70.6578 95.3757
  20  140  70.2164 96.3252
  20  150  72.4343 98.7924
  20  160  74.8163 100.8343
  20  170  76.8228 102.3217
  20  180  78.7952 103.2026
  20 -180  78.7952 103.2026
  20 -170  79.7507 104.7596
  20 -160  80.6061 106.1651
  20 -150  81.3352 107.9340
  20 -140  81.8729 109.3227
  20 -130  81.8140 110.5022
  20 -120  81.3422 110.6307
  20 -110  80.6249 109.7868
  20 -100  80.0078 108.5913
  20  -90  79.8277 106.8013
  20  -80  80.5987 104.7412
  20  -70  86.1341 102.0519
  30   30  76.8738 99.3008
  30   40  78.5560 97.9506
  30  110  75.8376 99.2687
  30  120  72.4832 97.4147
  30  160  75.5141 102.5065
  30  170  77.3020 103.0716
  30  180  78.6769 103.8050
  30 -180  78.6769 103.8050
  30 -170  79.7003 104.8756
  30 -160  79.9920 106.7054
  30 -150  80.4535 108.0981
  30 -140  80.5801 108.9452
  30 -130  80.3933 109.6062
  30 -120  79.9977 109.6100
  30 -110  79.5942 108.5954
  30 -100  79.4518 107.0702
  30  -90  79.8586 105.9634
  30  -80  82.4172 104.5146
  30  -20  72.8064 96.9299
  40   40  79.6283 97.6569
  40  100  78.8852 101.8580
  40  110  74.6130 100.5574
  40  170  76.6863 103.5671
  40  180  78.1951 103.8684
  40 -180  78.1951 103.8684
  40 -170  78.4909 104.9314
  40 -160  78.7669 106.4472
  40 -150  78.9988 107.4879
  40 -140  79.0896 108.0583
  40 -130  78.9957 108.4587
  40 -120  78.8983 108.0935
  40 -110  78.8766 106.9808
  40 -100  79.1596 106.3079
  40  -90  80.3833 104.8569
  40  -80  83.1081 103.3253
  40  -30  76.3613 101.5954
  40  -20  72.1640 98.5549
  50   90  78.9021 103.2799
  50  100  76.1526 102.7465
  50  170  75.5974 103.2911
  50 -160  77.2868 105.7025
  50 -150  77.8562 106.5561
  50 -140  78.1876 107.0256
  50 -130  78.2660 106.8981
  50 -120  78.2765 106.2648
  50 -110  78.5527 105.9424
  50 -100  79.3548 105.2704
  50  -90  81.0337 103.5074
  50  -80  82.8382 102.8090
  50  -70  84.8116 102.9145
  50  -60  87.3816 104.6334
  50  -50  85.0331 106.1235
  50  -40  79.0068 104.8573
  50  -30  75.3265 103.1466
  60   90  77.0320 104.0884
  60 -160  76.5278 104.9430
  60 -150  77.5383 105.5678
  60 -140  77.9072 105.6237
  60 -130  77.8381 105.1613
  60 -120  77.9262 104.8102
  60 -110  78.5623 104.8288
  60 -100  79.7396 103.9701
  60  -90  80.7410 104.0059
  60  -80  81.7640 104.4463
  60  -70  82.5080 104.8064
  60  -60  82.4289 106.1552
  60  -50  80.6001 106.7268
  60  -40  77.7816 106.3344
  70   80  77.7419 103.9691
  70 -160  76.5608 104.0595
  70 -150  77.4971 104.3662
  70 -140  77.7943 104.1821
  70 -130  77.8786 103.7740
  70 -120  78.2041 103.9897
  70 -110  78.8534 103.8874
  70 -100  80.0239 104.1181
  70  -90  81.1992 104.3442
  70  -80  80.7206 105.4760
  70  -70  80.6131 106.2989
  70  -60  80.3701 107.6553
  70  -50  79.3307 108.3034
  80 -170  75.6877 102.1320
  80 -160  77.1033 102.6255
  80 -150  77.7615 102.8363
  80 -140  78.1310 102.6969
  80 -130  78.4942 103.0242
  80 -120  78.9080 103.4949
  80 -110  79.3677 104.1291
  80 -100  80.1195 104.6483
  80  -90  80.8358 105.2121
  80  -80  80.1509 106.6672
  80  -70  79.8904 108.0625
  80  -60  79.3664 108.7480
  90 -170  76.9453 100.2791
  90 -160  77.5593 99.9424
  90 -150  78.0242 100.4160
  90 -140  78.6196 102.2237
  90 -130  79.0800 103.0809
  90 -120  79.4887 104.0127
  90 -110  79.7093 104.7716
  90 -100  80.0526 105.3147
  90  -90  80.3817 106.2093
  90  -80  80.2108 107.4765
  90  -70  79.2737 109.1673
 100 -160  78.0476 98.2060
 100 -150  78.3613 99.9803
 100 -140  78.7498 101.3631
 100 -130  79.3127 103.8060
 100 -120  79.5593 104.4768
 100 -110  79.6900 104.7786
 100 -100  79.8390 105.7286
 100  -90  79.8106 107.2299
 100  -80  79.4695 108.8560
 110 -150  78.5762 100.7428
 110 -140  78.8969 101.8297
 110 -130  79.2658 103.9821
 110 -120  79.4012 104.3255
 110 -110  79.4798 104.7858
 110 -100  79.4609 106.3758
 110  -90  79.1322 107.8533
 110  -80  77.8078 111.7561
 120 -160  78.6619 100.3033
 120 -150  78.8395 100.9408
 120 -140  79.1038 102.6240
 120 -130  79.2912 103.1234
 120 -120  79.3674 103.9949
 120 -110  79.4725 105.5700
 120 -100  79.2847 108.0079
 120  -90  78.6350 110.3865
 130 -160  79.1841 99.7853
 130 -150  79.4130 100.9117
 130 -140  79.5810 101.4868
 130 -130  79.7266 102.8955
 130 -120  79.7808 104.8708
 130 -110  79.8565 107.5235
 130 -100  79.7519 109.4367
 140 -170  79.8294 98.4160
 140 -160  80.1552 99.4194
 140 -150  80.3533 100.0405
 140 -140  80.3520 101.2387
 140 -130  80.6284 104.1935
 140 -120  80.7620 107.1589
 140 -110  80.9490 109.5195
 140 -100  80.4961 111.1079
 150  180  80.5839 97.4967
 150 -180  80.5839 97.4967
 150 -170  81.0233 98.4159
 150 -160  81.0330 98.7678
 150 -150  81.2307 100.9731
 150 -140  81.4241 104.0122
 150 -130  81.6879 106.8211
 150 -120  82.0154 109.2711
 150 -110  81.9452 110.3568
 150 -100  81.3421 110.6577
 160  170  81.2710 97.8793
 160  180  81.6107 97.8767
 160 -180  81.6107 97.8767
 160 -170  81.7399 99.0387
 160 -160  81.9665 101.2171
 160 -150  82.3253 103.8413
 160 -140  82.4967 106.7277
 160 -130  82.5827 108.5393
 160 -120  82.4205 109.3610
 160 -110  81.6900 109.7612
 160 -100  81.1232 109.2281
 160  -90  81.0233 108.1354
 170  160  81.6413 98.3447
 170  170  81.7491 97.7744
 170  180  82.0761 99.4301
 170 -180  82.0761 99.4301
 170 -170  82.4465 101.2768
 170 -160  82.7888 103.3767
 170 -150  82.9451 105.6687
 170 -140  82.7610 107.5369
 170 -130  82.2443 108.1322
 170 -120  81.4807 107.7676
 170 -110  80.3327 107.8981
 170 -100  80.2146 108.0416
 170  -90  80.4999 106.9869
 180  150  81.5840 99.4746
 180  160  81.6255 98.5531
 180  170  82.1768 97.9614
 180  180  82.6601 100.8996
 180 -180  82.6601 100.8996
 180 -170  82.9888 102.3569
 180 -160  83.1168 103.6184
 180 -150  82.6779 105.2311
 180 -140  81.7879 106.1552
 180 -130  80.7119 106.0689
 180 -120  80.0872 105.4607
 180 -110  78.8898 106.0280
 180 -100  77.7268 106.5922
-180  150  81.5840 99.4746
-180  160  81.6255 98.5531
-180  170  82.1768 97.9614
-180  180  82.6601 100.8996
-180 -180  82.6601 100.8996
-180 -170  82.9888 102.3569
-180 -160  83.1168 103.6184
-180 -150  82.6779 105.2311
-180 -140  81.7879 106.1552
-180 -130  80.7119 106.0689
-180 -120  80.0872 105.4607
-180 -110  78.8898 106.0280
-180 -100  77.7268 106.5922
-170   20  83.4115 100.3714
-170  130  83.9026 101.8993
-170  140  82.9675 101.4574
-170  150  81.6377 100.1211
-170  160  82.0235 98.9542
-170  170  82.7053 98.4599
-170  180  83.3463 98.4881
-170 -180  83.3463 98.4881
-170 -170  83.2109 102.1343
-170 -160  82.6677 102.4618
-170 -150  81.9775 101.5816
-170 -140  80.5060 102.9206
-170 -130  78.9156 103.5158
-170 -120  77.2935 103.7699
-170 -110  76.1862 103.4279
-170 -100  76.5467 104.7536
-160    0  83.5203 101.8901
-160   10  82.7089 102.3761
-160   20  83.7610 101.1879
-160   90  82.2164 102.8538
-160  120  85.0724 103.7869
-160  130  83.5925 102.9071
-160  140  82.5870 101.7807
-160  150  81.9293 100.2824
-160  160  82.4755 99.3784
-160  170  83.2113 98.9153
-160  180  83.5029 99.1056
-160 -180  83.5029 99.1056
-160 -170  83.0126 99.2533
-160 -160  81.8436 99.6437
-160 -150  80.1462 100.3910
-160 -140  78.1577 101.1523
-160 -130  76.1862 101.3360
-160 -120  74.3936 101.3345
-160 -110  73.5617 100.3418
-150    0  82.7625 103.2446
-150   10  82.3452 102.6380
-150   20  83.3028 103.3733
-150   70  78.6296 102.9338
-150   80  81.4239 103.8720
-150   90  85.3306 105.2742
-150  100  87.3355 106.0741
-150  110  86.5437 105.5584
-150  120  84.4570 104.2868
-150  130  82.6853 102.9304
-150  140  81.5456 101.4121
-150  150  82.2663 100.4471
-150  160  82.8231 99.7194
-150  170  83.3123 99.3770
-150  180  82.9827 99.2364
-150 -180  82.9827 99.2364
-150 -170  81.9095 99.0564
-150 -160  80.2250 98.9657
-150 -150  78.0737 99.2011
-150 -140  75.6411 99.1400
-150 -130  73.3835 99.0208
-150 -120  71.6166 98.1592
-150 -110  71.0782 96.6092
-150 -100  72.9262 96.8459
-150  -60  76.4452 102.0210
-150  -50  80.2114 102.4502
-150  -40  81.8849 103.4759
-150  -10  83.5601 103.0758
-140    0  81.6942 103.2150
-140   10  82.2076 102.8099
-140   20  82.8433 103.5326
-140   60  79.8285 102.8253
-140   70  82.2145 103.3264
-140   80  84.6612 105.2734
-140   90  87.6408 106.7839
-140  100  87.9828 106.8083
-140  110  85.8931 105.4893
-140  120  83.3518 103.8473
-140  130  81.7410 102.5238
-140  140  81.4960 101.1653
-140  150  82.3847 100.0114
-140  160  82.9880 99.3409
-140  170  82.8255 99.3027
-140  180  81.8472 98.8073
-140 -180  81.8472 98.8073
-140 -170  80.2704 98.4338
-140 -160  78.2340 97.9993
-140 -150  75.7891 97.6336
-140 -140  73.1239 97.0281
-140 -130  70.8179 96.2182
-140 -120  69.2624 95.2447
-140 -110  69.3703 93.4976
-140 -100  69.4898 94.5935
-140  -90  70.5665 96.0213
-140  -80  72.3068 97.7885
-140  -70  74.3751 100.2371
-140  -60  78.3897 101.4498
-140  -50  80.6553 103.1942
-140  -40  83.3194 104.3485
-140  -30  84.4839 104.9136
-140  -20  83.9382 104.4501
-140  -10  82.9770 103.9155
-130    0  81.4881 103.3010
-130   10  82.1070 103.1228
-130   20  83.1087 102.5327
-130   30  82.7335 103.0306
-130   40  81.7887 102.7004
-130   50  80.9970 102.2536
-130   60  82.5888 102.1315
-130   70  84.8846 104.0300
-130   80  86.8299 106.3365
-130   90  88.4754 107.4588
-130  110  84.5681 104.8441
-130  120  82.1248 103.2927
-130  130  81.0285 102.0984
-130  140  81.6422 100.5567
-130  150  82.4099 99.4702
-130  160  82.5570 99.1748
-130  170  81.8024 99.0429
-130  180  80.2444 98.3519
-130 -180  80.2444 98.3519
-130 -170  78.2154 97.4769
-130 -160  75.8958 96.5436
-130 -150  73.3589 95.6401
-130 -140  70.8657 94.6309
-130 -130  68.8010 93.5893
-130 -120  67.7828 92.7528
-130 -110  68.0473 92.3231
-130 -100  68.5297 93.4838
-130  -90  70.4084 95.0128
-130  -80  72.7279 97.5032
-130  -70  76.3058 99.8504
-130  -60  79.4785 102.5895
-130  -50  81.8375 104.4616
-130  -40  83.9676 105.7044
-130  -30  84.3857 105.4868
-130  -20  83.2219 104.5050
-130  -10  82.0135 103.9811
-120    0  81.4053 103.1708
-120   10  82.3585 102.8771
-120   20  82.8455 102.5922
-120   30  82.6146 102.4414
-120   40  81.8907 101.9304
-120   50  82.1587 101.7138
-120   60  83.4293 102.8903
-120   70  85.0815 105.2269
-120   80  87.4643 107.0485
-120  100  85.4339 105.9320
-120  110  82.5012 103.9407
-120  120  80.4857 102.5319
-120  130  80.5274 101.0610
-120  140  81.4841 100.2522
-120  150  82.1844 99.2696
-120  160  81.8360 98.9422
-120  170  80.4696 98.4956
-120  180  78.4605 97.5878
-120 -180  78.4605 97.5878
-120 -170  76.1613 96.3261
-120 -160  73.7105 94.9839
-120 -150  71.2808 93.6427
-120 -140  69.1580 92.5754
-120 -130  67.6656 91.7771
-120 -120  67.0809 91.2355
-120 -110  67.8477 91.4729
-120 -100  69.6438 92.7764
-120  -90  72.1413 95.0728
-120  -80  74.4794 98.0069
-120  -70  77.3754 101.1209
-120  -60  79.8339 103.6177
-120  -50  82.6228 105.4957
-120  -40  83.8434 105.9908
-120  -30  83.4566 105.4953
-120  -20  81.9167 104.6194
-120  -10  80.9708 103.6427
-110    0  81.4196 102.8648
-110   10  82.2767 102.5930
-110   20  82.3659 102.3730
-110   30  81.9729 101.9744
-110   40  81.5918 101.7026
-110   50  82.1219 102.2655
-110   60  83.9601 103.8709
-110   70  85.4201 106.0398
-110   80  86.6912 107.2468
-110  100  83.0022 104.8318
-110  110  80.1536 103.0141
-110  120  79.0399 101.9521
-110  130  80.3721 100.5930
-110  140  81.5566 99.7848
-110  150  81.8426 98.9897
-110  160  80.8963 98.5393
-110  170  79.1340 97.8761
-110  180  76.9651 96.8268
-110 -180  76.9651 96.8268
-110 -170  74.6098 95.3264
-110 -160  72.1935 93.7966
-110 -150  69.9524 92.3025
-110 -140  68.2209 91.1750
-110 -130  67.2846 90.8242
-110 -120  67.3382 90.9426
-110 -110  68.4177 91.9019
-110 -100  70.3699 93.8218
-110  -90  72.7198 96.4641
-110  -80  75.2842 99.5950
-110  -70  77.8949 102.6351
-110  -60  80.4924 104.7580
-110  -50  82.5131 106.1271
-110  -40  83.1006 106.3465
-110  -30  81.8785 105.2812
-110  -20  80.5791 104.3652
-110  -10  80.4701 103.3199
-100    0  81.4161 102.6622
-100   10  82.1229 102.2784
-100   20  81.6887 101.8867
-100   30  80.9029 101.6050
-100   40  80.6749 101.8429
-100   50  81.5483 102.8615
-100   60  82.8746 104.8355
-100   70  84.7780 106.3509
-100   80  85.0613 106.8105
-100   90  83.4098 105.7732
-100  100  80.4915 103.7888
-100  110  78.3717 102.2531
-100  120  78.9925 100.9177
-100  130  80.2910 100.0840
-100  140  81.3439 99.1322
-100  150  81.0702 98.5770
-100  160  79.7783 98.1353
-100  170  77.9787 97.3527
-100  180  75.9125 96.1773
-100 -180  75.9125 96.1773
-100 -170  73.6626 94.7350
-100 -160  71.4132 93.2635
-100 -150  69.5057 91.8554
-100 -140  68.2329 91.0111
-100 -130  67.7962 90.9690
-100 -120  68.1990 91.7401
-100 -110  69.4285 93.3815
-100 -100  71.2777 95.7029
-100  -90  73.4266 98.4816
-100  -80  75.6757 101.4621
-100  -70  77.8150 104.3464
-100  -60  80.5273 106.1148
-100  -50  81.9885 106.9036
-100  -40  81.5655 106.0106
-100  -30  80.4377 105.1805
-100  -20  79.7835 103.8004
-100  -10  80.2567 103.0943
 -90    0  81.7381 102.1644
 -90   10  81.6830 101.5518
 -90   20  80.5817 101.4040
 -90   30  79.6512 101.5039
 -90   40  79.7008 102.2036
 -90   50  80.7720 103.3102
 -90   60  82.0860 104.8521
 -90   70  83.0492 105.7998
 -90   80  82.5813 105.7498
 -90   90  80.5681 104.4882
 -90  100  78.0206 102.8087
 -90  110  77.0738 101.9275
 -90  120  78.8596 100.2361
 -90  130  80.5869 99.4644
 -90  140  81.1205 98.6251
 -90  150  80.2005 98.1613
 -90  160  78.7198 97.7628
 -90  170  77.1080 97.1734
 -90  180  75.2890 96.0097
 -90 -180  75.2890 96.0097
 -90 -170  73.2537 94.7043
 -90 -160  71.2613 93.3511
 -90 -150  69.7601 92.2425
 -90 -140  68.9774 91.6937
 -90 -130  68.9630 92.2978
 -90 -120  69.5973 93.6955
 -90 -110  70.8151 95.9415
 -90 -100  72.4003 98.3701
 -90  -90  74.1409 100.9981
 -90  -80  75.8502 103.6883
 -90  -70  78.3434 105.7674
 -90  -60  80.1094 106.6163
 -90  -50  80.7255 106.8199
 -90  -40  80.3239 106.0032
 -90  -30  79.3629 104.7576
 -90  -20  79.6089 103.5108
 -90  -10  80.6207 102.8865
 -80    0  81.8082 101.3504
 -80   10  80.7741 100.8817
 -80   20  79.1378 100.9332
 -80   30  78.4889 101.5703
 -80   40  78.8495 102.2696
 -80   50  79.4574 103.1245
 -80   60  80.4352 104.2247
 -80   70  80.6045 104.7808
 -80   80  79.7066 104.3663
 -80   90  77.6536 103.3009
 -80  100  76.1054 102.3910
 -80  110  77.5292 100.7701
 -80  120  78.9379 100.3530
 -80  130  80.3601 99.4455
 -80  140  79.6375 98.9385
 -80  150  78.3055 98.8215
 -80  160  77.9278 97.7883
 -80  170  76.6207 97.2386
 -80  180  75.0338 96.3132
 -80 -180  75.0338 96.3132
 -80 -170  73.1848 95.0426
 -80 -160  71.5670 93.9531
 -80 -150  70.5478 93.3998
 -80 -140  70.2145 93.5739
 -80 -130  70.4924 94.5822
 -80 -120  71.2419 96.3235
 -80 -110  72.2583 98.6926
 -80 -100  73.4761 101.0911
 -80  -90  74.7246 103.4398
 -80  -80  75.7958 105.7090
 -80  -70  78.3199 106.6993
 -80  -60  79.4830 107.4520
 -80  -50  79.6863 106.8876
 -80  -40  79.0504 105.7963
 -80  -30  78.9144 104.4255
 -80  -20  79.7216 103.2699
 -80  -10  81.1265 102.3132
 -70    0  80.1794 101.2263
 -70   10  78.3255 100.8052
 -70   20  77.7308 100.8106
 -70   30  77.5490 101.4153
 -70   40  77.7334 101.8004
 -70   50  77.4719 102.1864
 -70   60  78.3035 102.9541
 -70   70  78.0631 103.3176
 -70   80  77.0768 102.9635
 -70   90  75.5816 102.6688
 -70  100  75.2085 101.5677
 -70  110  77.3997 100.4127
 -70  120  80.3056 98.9793
 -70  130  80.3241 97.7376
 -70  140  78.1427 98.0539
 -70  150  77.0927 98.7632
 -70  160  77.4317 98.0901
 -70  170  76.4585 97.4508
 -70  180  74.9789 96.4682
 -70 -180  74.9789 96.4682
 -70 -170  73.3610 95.4257
 -70 -160  72.1529 94.8448
 -70 -150  71.6056 95.0248
 -70 -140  71.6471 95.6847
 -70 -130  72.1108 96.9569
 -70 -120  72.8187 98.9462
 -70 -110  73.6420 101.2392
 -70 -100  74.4749 103.4878
 -70  -90  75.2020 105.4442
 -70  -80  75.7807 107.1092
 -70  -70  78.2699 107.4589
 -70  -60  78.7419 107.7973
 -70  -50  78.5997 106.8130
 -70  -40  78.1309 105.8931
 -70  -30  78.6791 104.1540
 -70  -20  80.0210 102.7735
 -70  -10  80.6613 102.1289
 -60    0  78.9747 99.9938
 -60   10  76.4800 100.2014
 -60   20  76.1421 100.8776
 -60   30  76.7042 100.8421
 -60   40  76.2254 100.5485
 -60   50  75.0911 100.4817
 -60   60  76.0206 101.3268
 -60   70  75.8357 101.8290
 -60   80  75.1179 101.8313
 -60   90  74.2323 101.6015
 -60  100  75.3279 100.6608
 -60  110  79.1005 98.4747
 -60  120  81.6506 94.5825
 -60  130  76.4885 93.7521
 -60  140  74.6988 97.3842
 -60  150  75.9647 99.1388
 -60  160  77.2411 98.5260
 -60  170  76.2759 97.7711
 -60  180  74.8049 96.6255
 -60 -180  74.8049 96.6255
 -60 -170  73.5445 95.9226
 -60 -160  72.8827 96.0638
 -60 -150  72.8093 96.7356
 -60 -140  73.1228 97.7540
 -60 -130  73.6866 99.2961
 -60 -120  74.3296 101.2626
 -60 -110  74.9472 103.4391
 -60 -100  75.4482 105.2836
 -60  -90  75.8664 106.9761
 -60  -80  76.1323 107.5412
 -60  -70  78.2133 108.2320
 -60  -60  78.4003 107.6484
 -60  -50  78.1151 106.9545
 -60  -40  78.1380 105.3695
 -60  -30  79.0571 103.6098
 -60  -20  80.2387 102.4210
 -60  -10  80.9518 100.8677
 -50    0  76.5153 98.8561
 -50   10  74.5631 99.5855
 -50   20  75.2998 99.9753
 -50   30  75.7374 99.0479
 -50   40  74.0405 98.1826
 -50   50  72.3904 98.0307
 -50   60  73.7621 99.4605
 -50   70  74.0402 100.5250
 -50   80  73.7539 101.0846
 -50   90  73.7576 100.7075
 -50  100  76.9477 98.2264
 -50  140  70.5264 97.4928
 -50  150  75.5616 99.4305
 -50  160  76.9685 98.5721
 -50  170  75.6563 97.5498
 -50  180  74.3612 96.7481
 -50 -180  74.3612 96.7481
 -50 -170  73.6866 96.6812
 -50 -160  73.7060 97.3701
 -50 -150  74.0974 98.5453
 -50 -140  74.6360 99.7776
 -50 -130  75.2094 101.4546
 -50 -120  75.7607 103.3883
 -50 -110  76.2490 105.4029
 -50 -100  76.6065 106.8412
 -50  -90  76.8931 108.0612
 -50  -80  76.8558 108.4171
 -50  -70  77.1345 108.1169
 -50  -60  77.5266 107.5939
 -50  -50  78.1243 106.3979
 -50  -40  78.7837 104.6633
 -50  -30  79.7549 103.0612
 -50  -20  81.8017 100.5882
 -50  -10  81.4418 99.0965
 -40   10  73.8314 98.6052
 -40   20  75.4408 98.0724
 -40   30  73.3968 95.9429
 -40   60  71.9496 97.8613
 -40   70  73.1583 99.6510
 -40   80  73.5574 99.7166
 -40   90  74.9281 98.0229
 -40  140  70.4496 98.5130
 -40  150  75.6749 99.0884
 -40  160  75.9697 97.6650
 -40  170  74.4395 96.9660
 -40  180  73.6733 96.9612
 -40 -180  73.6733 96.9612
 -40 -170  73.9276 97.5019
 -40 -160  74.6547 98.6863
 -40 -150  75.4170 100.1676
 -40 -140  76.0863 101.8367
 -40 -130  76.6664 103.4663
 -40 -120  77.2315 105.5137
 -40 -110  77.7307 107.1964
 -40 -100  78.0504 108.3476
 -40  -90  78.2736 109.0021
 -40  -80  78.3458 108.8719
 -40  -70  78.3748 108.1194
 -40  -60  78.6246 107.2603
 -40  -50  79.0249 105.8341
 -40  -40  79.5380 104.1182
 -40  -30  82.2192 100.6884
 -30   10  74.5149 96.6966
 -30   60  71.0922 96.5408
 -30   70  73.2629 98.2809
 -30   80  74.1180 98.1265
 -30  140  73.9044 98.8610
 -30  150  76.0028 97.4865
 -30  160  73.9239 96.1766
 -30  170  72.8541 96.1048
 -30  180  73.2529 97.0226
 -30 -180  73.2529 97.0226
 -30 -170  74.5496 98.3803
 -30 -160  75.7828 99.9979
 -30 -150  76.7466 101.8115
 -30 -140  77.5218 103.6337
 -30 -130  78.1986 105.3932
 -30 -120  78.8867 107.4737
 -30 -110  79.4314 108.6505
 -30 -100  79.8086 109.7841
 -30  -90  79.7176 109.6765
 -30  -80  79.5570 108.9014
 -30  -70  79.4704 107.9498
 -30  -60  79.5245 106.7022
 -30  -50  79.7896 104.6236
 -30  -40  81.9856 101.4813
 -20   60  73.1226 96.8485
 -20   70  74.8693 97.1761
 -20  140  75.2635 97.5582
 -20  150  73.3924 95.3606
 -20  160  71.5696 94.6301
 -20  170  71.8382 95.5953
 -20  180  73.7624 97.5592
 -20 -180  73.7624 97.5592
 -20 -170  75.7007 99.5398
 -20 -160  77.1129 101.3023
 -20 -150  78.2033 103.4363
 -20 -140  79.1571 105.4039
 -20 -130  80.0115 107.2228
 -20 -120  80.6601 109.0867
 -20 -110  81.0511 110.0941
 -20 -100  81.0740 110.4091
 -20  -90  80.8088 110.0091
 -20  -80  80.4639 109.0913
 -20  -70  80.1758 107.6821
 -20  -60  80.1340 105.7320
 -20  -50  81.5271 102.9597
 -10   60  75.4546 96.8812
 -10   70  79.2400 94.4606
 -10  140  72.8764 95.3737
 -10  150  70.5323 93.3305
 -10  160  70.1388 93.9538
 -10  170  72.4574 96.1831
 -10  180  75.2100 98.8956
 -10 -180  75.2100 98.8956
 -10 -170  77.1697 100.8220
 -10 -160  78.5780 102.7574
 -10 -150  79.8200 104.8903
 -10 -140  80.9236 106.8372
 -10 -130  81.7149 108.6002
 -10 -120  82.2331 110.1343
 -10 -110  82.2431 110.6932
 -10 -100  81.8341 110.6046
 -10  -90  81.2826 110.0395
 -10  -80  80.7739 108.8113
 -10  -70  80.4644 106.8655
 -10  -60  80.8673 103.6190
