   0   60  84.4529 101.6059
   0   70  82.1604 106.0114
   0   80  82.7270 108.5409
   0   90  84.0862 110.4662
   0  100  85.3213 112.0155
   0  110  86.2645 112.7091
   0  120  86.4524 112.7135
   0  130  85.9107 111.7692
   0  140  84.5111 110.1458
   0  150  82.5280 108.4662
   0  160  80.5924 106.8922
   0  170  78.3031 105.5120
   0  180  90.5192 105.7647
   0 -180  90.5192 105.7647
   0  -60  81.0883 100.9938
   0  -50  80.1899 99.5105
  10   50  86.7444 101.5809
  10   60  82.5072 104.6092
  10   70  82.4641 108.1661
  10   80  83.4998 110.1337
  10   90  84.0482 112.1606
  10  100  85.7403 112.3211
  10  110  86.1679 112.3996
  10  120  85.7826 111.9425
  10  130  84.4340 110.6777
  10  140  82.7656 109.0104
  10  150  81.0523 107.2842
  10  160  79.5714 105.9835
  10  170  86.9056 106.0592
  10  -70  80.0587 103.2247
  10  -60  79.5064 100.1995
  20   50  82.5011 103.6678
  20   60  82.0545 107.2140
  20   70  82.1446 109.9232
  20   80  82.8300 111.6816
  20   90  83.8714 112.1406
  20  100  84.5721 112.3929
  20  110  85.1488 111.6468
  20  120  84.1159 110.6929
  20  130  82.5880 109.2580
  20  140  80.9836 107.8918
  20  150  79.8249 106.3316
  20  160  78.9246 105.3227
  20  170  87.9499 105.5121
  20  -80  79.1396 103.6412
  20  -70  78.6530 102.6176
  20  -60  76.5627 98.5990
  30   40  82.4183 101.8442
  30   50  81.3756 105.9305
  30   60  81.1052 108.8764
  30   70  81.5864 110.4138
  30   80  81.9856 111.2509
  30   90  82.6887 111.7953
  30  100  83.1510 111.7538
  30  110  83.3401 110.4879
  30  120  82.1352 109.3288
  30  130  80.7243 108.2056
  30  140  79.6000 106.8136
  30  150  79.0819 105.8475
  30  160  82.9283 105.8913
  30  -80  78.2669 103.3412
  30  -70  76.5198 99.8442
  40   50  79.6342 107.4027
  40  100  81.6821 110.7107
  40  110  81.4030 109.2196
  40  120  80.4641 108.0994
  40  130  79.3502 107.2654
  40  140  78.7963 106.2308
  40  150  79.0168 105.3742
  40  160  81.7707 106.0578
  40  -80  76.4358 102.0833
  40  -20  75.3038 100.3935
  40  -10  76.6724 101.6423
  50  100  80.3379 109.8382
  50  110  79.8182 108.2962
  50  120  79.0494 107.4973
  50  130  78.7201 106.6756
  50  140  78.8655 106.0061
  50  150  79.3263 106.7879
  50  160  80.5372 106.8247
  50  -30  76.4836 101.0956
  50  -20  76.1617 102.1462
  60  100  79.5083 108.6379
  60  110  79.0736 107.7002
  60  120  78.6108 106.9293
  60  130  78.7524 106.5128
  60  140  79.5265 106.0836
  60  150  79.3054 107.3195
  60  160  80.5528 107.0572
  60  170  82.1866 106.2214
  60  180  81.6143 105.1093
  60 -180  81.6143 105.1093
  60 -170  79.9106 106.7511
  60  -30  77.8150 102.7521
  60  -20  76.9563 102.8631
  70   90  78.9674 110.6323
  70  100  79.1331 108.5108
  70  110  78.9956 106.9145
  70  120  78.6893 106.6630
  70  130  79.2207 106.6198
  70  140  79.3313 107.8045
  70  150  79.9704 107.5089
  70  160  80.6022 106.6145
  70  170  81.4532 106.2829
  70  180  80.6321 106.2600
  70 -180  80.6321 106.2600
  70 -170  80.5885 105.0379
  70  -40  78.5754 102.6702
  70  -30  78.0865 103.0421
  80   90  80.3038 107.9407
  80  100  79.8774 106.3153
  80  110  79.6287 106.0032
  80  120  79.7430 106.6652
  80  130  80.3147 106.9819
  80  140  80.2878 107.9606
  80  150  80.5442 107.1210
  80  160  81.4060 106.5769
  80  170  81.2830 106.3884
  80  180  81.6450 106.1189
  80 -180  81.6450 106.1189
  90  100  81.8171 102.8805
  90  110  80.9209 104.6261
  90  120  80.9161 106.8172
  90  130  81.2680 107.3860
  90  140  81.0517 107.5839
  90  150  81.2634 106.3631
  90  160  81.7506 106.0389
  90  170  81.5660 104.6155
  90  180  80.6783 103.8512
  90 -180  80.6783 103.8512
 100  100  82.1346 103.9126
 100  110  81.2595 105.9965
 100  120  81.3959 106.9280
 100  130  81.2565 107.2355
 100  140  81.3692 106.6568
 100  150  81.1040 106.1800
 100  160  81.7577 104.9644
 100  170  80.3116 104.2527
 110  100  81.7092 106.3853
 110  110  81.4158 106.9375
 110  120  80.8240 107.5628
 110  130  80.4042 106.8644
 110  140  80.0634 106.4018
 110  150  80.4543 105.8954
 110  160  79.9902 105.5059
 120  100  81.0406 106.9972
 120  110  80.5085 107.3465
 120  120  80.1282 107.0482
 120  130  79.6874 107.2712
 120  140  79.3504 108.4384
 120  150  79.6655 107.7581
 130   90  79.8534 107.0479
 130  100  80.3647 106.9701
 130  110  80.2706 107.1417
 130  120  80.0158 108.2504
 130  130  79.7037 109.6588
 130  140  80.0408 109.5166
 140   80  79.7205 107.1433
 140   90  80.5312 106.6328
 140  100  80.6398 107.1398
 140  110  80.5505 108.8333
 140  120  80.4631 110.5629
 140  130  80.4273 111.5174
 140  140  80.7645 110.1832
 150   70  79.9910 105.7805
 150   80  81.0105 106.3876
 150   90  81.0461 107.6573
 150  100  81.1439 109.3571
 150  110  81.1091 111.1459
 150  120  81.3364 111.9876
 150  130  81.2871 111.4413
 150  140  80.9466 110.8736
 160   60  79.8652 104.9692
 160   70  80.8971 106.4379
 160   80  81.3445 107.9332
 160   90  81.5161 109.6216
 160  100  81.5678 111.0737
 160  110  81.7005 111.7133
 160  120  81.6705 110.9692
 160  130  81.3260 110.1301
 160  140  80.3463 106.9514
 170   50  79.4102 105.1157
 170   60  80.7749 106.6141
 170   70  81.4412 107.7296
 170   80  81.5743 109.0767
 170   90  81.5908 110.1172
 170  100  81.5575 110.4354
 170  110  81.2127 109.7387
 170  120  80.5306 108.2710
 170  130  79.8895 107.1713
 170  140  80.1591 102.9097
 170  150  82.2296 99.1440
 170  -80  84.9217 101.6233
 180   40  78.9131 104.8659
 180   50  81.8950 104.9942
 180   60  83.1382 107.4586
 180   70  81.5456 107.8675
 180   80  81.5076 108.5348
 180   90  81.1171 108.5924
 180  100  80.5209 108.1032
 180  110  79.6825 106.8108
 180  120  78.9014 105.8823
 180  130  79.2242 103.1211
 180  140  78.7237 101.4426
 180  -90  85.5739 103.4595
-180   40  78.9131 104.8659
-180   50  81.8950 104.9942
-180   60  83.1382 107.4586
-180   70  81.5456 107.8675
-180   80  81.5076 108.5348
-180   90  81.1171 108.5924
-180  100  80.5209 108.1032
-180  110  79.6825 106.8108
-180  120  78.9014 105.8823
-180  130  79.2242 103.1211
-180  140  78.7237 101.4426
-180  -90  85.5739 103.4595
-170   30  79.2363 105.1315
-170   40  80.9885 104.9200
-170   50  82.9057 104.5155
-170   60  83.7484 104.2444
-170   70  82.1720 105.0478
-170   80  81.4100 105.6079
-170   90  80.4105 105.4223
-170  100  79.3064 105.3677
-170  110  77.9777 104.6688
-170  120  76.6880 103.1512
-170  130  77.4872 101.5902
-170  140  77.9932 101.1245
-170 -100  85.7189 104.7461
-170  -90  85.4969 104.7469
-160   20  79.7736 104.1309
-160   30  80.2384 104.3067
-160   40  82.2164 104.2740
-160   50  83.8486 104.1026
-160   60  83.9739 104.0205
-160   70  81.4622 104.5160
-160   80  80.4069 104.4089
-160   90  78.8272 104.1056
-160  100  77.2263 103.5780
-160  110  75.6923 102.7698
-160  120  74.5735 101.0213
-160  130  74.0705 100.1242
-160 -110  85.6863 108.3988
-160 -100  85.1759 105.4177
-160  -90  85.5625 105.3241
-150    0  79.4054 105.2797
-150   10  79.2634 103.9749
-150   20  79.7722 103.5964
-150   30  81.2531 103.7839
-150   40  83.5116 103.7949
-150   50  84.4353 104.1059
-150   60  83.6481 104.1413
-150   70  80.8949 104.2471
-150   80  79.0994 103.5749
-150   90  77.0502 102.5470
-150  100  75.0516 101.5682
-150  110  73.3718 100.5760
-150  120  72.2775 98.8714
-150  130  72.5035 99.4536
-150  140  74.7361 99.2118
-150 -170  82.6239 105.9044
-150 -160  83.0686 105.3258
-150 -130  88.0194 107.7449
-150 -120  86.2706 108.9230
-150 -110  84.6831 107.8086
-150 -100  84.9537 106.0377
-150  -90  85.4964 105.8973
-150  -50  82.7907 102.7210
-150  -40  81.5320 104.3785
-140    0  79.1923 104.5799
-140   10  79.6177 103.2795
-140   20  80.2658 103.1297
-140   30  82.6359 103.3564
-140   40  84.4752 103.8435
-140   50  84.4990 104.1079
-140   60  82.5118 104.1550
-140   70  79.8335 103.6594
-140   80  77.4721 102.2936
-140   90  75.1748 100.7074
-140  100  72.9389 99.2216
-140  110  71.1342 97.9330
-140  120  70.3908 97.0080
-140  130  71.0411 97.0113
-140  140  73.0594 97.0334
-140  150  75.4232 101.9557
-140  170  80.7029 101.3584
-140  180  82.3540 104.2159
-140 -180  82.3540 104.2159
-140 -170  83.8630 105.4089
-140 -160  85.1113 106.0453
-140 -150  87.1291 107.2643
-140 -140  87.8835 108.7187
-140 -130  87.1131 109.2105
-140 -120  85.7320 109.3607
-140 -110  83.0350 106.9107
-140 -100  84.7662 106.5500
-140  -90  85.2290 106.1467
-140  -80  84.3215 105.1873
-140  -70  82.9837 104.1659
-140  -60  81.7479 103.6372
-140  -50  81.4803 103.3352
-140  -40  81.5905 103.5036
-140  -30  79.2320 105.0463
-140  -20  77.9297 105.8605
-140  -10  78.5841 105.3343
-130    0  80.0201 103.4818
-130   10  80.1106 102.8006
-130   20  81.5199 102.8253
-130   30  83.8263 103.3663
-130   40  84.8099 104.1118
-130   50  83.6799 104.3405
-130   60  81.0007 103.6581
-130   70  78.3455 102.5820
-130   80  75.7292 100.7403
-130   90  73.3716 98.7063
-130  100  71.1145 96.7590
-130  110  69.5751 95.5880
-130  120  69.1717 94.5284
-130  130  69.8397 95.5179
-130  140  71.9708 95.6826
-130  150  74.4681 98.7393
-130  160  79.0736 101.0547
-130  170  80.9762 103.1949
-130  180  82.5364 104.4085
-130 -180  82.5364 104.4085
-130 -170  83.6480 105.5654
-130 -160  86.0951 107.0798
-130 -150  87.7194 108.5081
-130 -140  87.9055 109.5615
-130 -130  86.5020 110.1345
-130 -120  84.9609 110.0782
-130 -110  83.0512 107.5076
-130 -100  84.3939 107.3208
-130  -90  84.4863 106.4210
-130  -80  83.3244 105.1425
-130  -70  82.0596 103.8671
-130  -60  81.4900 103.0733
-130  -50  81.5017 102.8121
-130  -40  81.5260 103.4400
-130  -30  80.3341 104.2549
-130  -20  79.9682 104.7276
-130  -10  80.4048 104.2540
-120    0  80.1541 103.1066
-120   10  80.7628 102.9086
-120   20  82.8126 103.0783
-120   30  84.4974 103.8766
-120   40  84.3713 104.2744
-120   50  82.2108 103.9818
-120   60  79.5413 103.2307
-120   70  76.6945 101.2970
-120   80  74.1473 99.0486
-120   90  71.9045 96.7104
-120  100  69.9442 94.7814
-120  110  68.8078 93.7996
-120  120  68.8325 93.0165
-120  130  69.9932 95.4600
-120  140  71.8976 96.6837
-120  150  74.4095 98.7737
-120  160  77.8791 101.5305
-120  170  80.6595 103.2867
-120  180  82.7365 104.7507
-120 -180  82.7365 104.7507
-120 -170  84.2342 106.0237
-120 -160  86.9385 108.0302
-120 -150  88.2075 109.5416
-120 -140  87.5384 110.4521
-120 -130  85.4335 110.3231
-120 -120  80.9753 107.3114
-120 -110  83.2236 107.6052
-120 -100  84.4888 107.2018
-120  -90  83.8152 106.0365
-120  -80  82.4891 104.5844
-120  -70  81.5818 103.4683
-120  -60  81.4309 102.6938
-120  -50  81.7050 102.5712
-120  -40  81.9771 103.1893
-120  -30  81.8679 103.9551
-120  -20  81.4556 104.2012
-120  -10  80.6879 103.7219
-110    0  80.4305 102.9613
-110   10  81.9317 102.9582
-110   20  83.7715 103.7801
-110   30  84.3622 104.1812
-110   40  83.1408 104.2181
-110   50  80.4422 103.3757
-110   60  78.0504 101.9577
-110   70  75.3595 99.8783
-110   80  73.0816 97.5593
-110   90  71.1466 95.3093
-110  100  69.6086 93.5507
-110  110  69.0059 93.1342
-110  120  69.2105 92.9627
-110  130  71.0172 95.8671
-110  140  73.1791 97.3722
-110  150  75.6267 99.6208
-110  160  78.2839 102.0003
-110  170  81.0045 103.7374
-110  180  83.1551 105.2647
-110 -180  83.1551 105.2647
-110 -170  85.4728 107.3842
-110 -160  87.8250 109.0626
-110 -150  88.4656 110.4357
-110 -140  86.5324 110.4589
-110 -130  84.3940 110.3523
-110 -120  82.9466 108.7622
-110 -110  85.4922 109.6111
-110 -100  84.4329 106.8116
-110  -90  83.5344 105.4642
-110  -80  82.0731 103.9030
-110  -70  81.4681 102.8317
-110  -60  81.6863 102.3860
-110  -50  82.3230 102.5281
-110  -40  82.6864 103.1914
-110  -30  82.3452 103.6959
-110  -20  81.4894 103.8500
-110  -10  80.5430 103.3714
-100    0  81.0731 103.2322
-100   10  82.9640 103.3693
-100   20  84.0049 104.0092
-100   30  83.6183 104.3658
-100   40  81.6679 103.9896
-100   50  79.5920 103.0652
-100   60  77.0763 100.9823
-100   70  74.8039 98.7574
-100   80  72.8941 96.4997
-100   90  71.3313 94.5666
-100  100  70.2541 93.3738
-100  110  69.8556 93.1858
-100  120  70.5931 94.2375
-100  130  72.0700 95.4303
-100  140  74.4023 98.0783
-100  150  76.0179 99.4835
-100  160  77.6499 101.6897
-100  170  81.4435 104.6428
-100  180  83.6061 105.9081
-100 -180  83.6061 105.9081
-100 -170  86.6093 108.3501
-100 -160  88.4207 109.9092
-100 -150  87.6671 110.6455
-100 -140  85.0962 110.4555
-100 -130  84.2972 110.2351
-100 -120  85.5098 109.9187
-100 -110  85.6380 109.0130
-100 -100  83.9959 107.5449
-100  -90  84.2862 104.9073
-100  -80  82.1634 103.2466
-100  -70  81.8264 102.6364
-100  -60  82.4475 102.3509
-100  -50  83.1139 102.5334
-100  -40  83.1439 103.0359
-100  -30  82.5309 103.4773
-100  -20  81.5262 103.3628
-100  -10  80.7575 103.1045
 -90    0  82.3341 103.3826
 -90   10  83.4420 103.8687
 -90   20  83.4794 104.2607
 -90   30  82.1963 104.1961
 -90   40  80.5986 103.7447
 -90   50  78.7961 102.1622
 -90   60  76.8662 100.1688
 -90   70  75.1923 98.1393
 -90   80  73.7860 96.0930
 -90   90  72.5980 94.6340
 -90  100  71.8848 94.0411
 -90  110  71.7873 94.3892
 -90  120  72.4459 95.5215
 -90  130  73.7321 97.2390
 -90  140  75.6580 99.0926
 -90  150  77.2754 101.0102
 -90  160  78.4162 102.6407
 -90  170  81.8779 106.0972
 -90  180  84.1007 106.8398
 -90 -180  84.1007 106.8398
 -90 -170  87.3406 109.3582
 -90 -160  88.0032 110.3152
 -90 -150  86.1556 110.3965
 -90 -140  83.8025 110.4235
 -90 -130  84.8173 110.0949
 -90 -120  85.9809 109.5105
 -90 -110  84.9450 108.2231
 -90 -100  82.7031 106.6204
 -90  -90  81.3328 105.1712
 -90  -80  82.8029 103.0999
 -90  -70  82.7015 102.4950
 -90  -60  83.3551 102.2056
 -90  -50  83.6956 102.4410
 -90  -40  83.3040 102.9472
 -90  -30  82.4718 103.1672
 -90  -20  81.5236 103.0074
 -90  -10  81.1824 103.0765
 -80    0  82.9218 103.7327
 -80   10  83.1163 104.0647
 -80   20  82.2272 104.1753
 -80   30  80.7088 103.7874
 -80   40  79.6653 103.0085
 -80   50  78.4530 101.5286
 -80   60  77.3135 99.7558
 -80   70  76.4599 97.8781
 -80   80  75.5755 96.2950
 -80   90  74.5921 95.4862
 -80  100  74.0274 95.5578
 -80  110  74.0921 96.3702
 -80  120  74.7144 98.0223
 -80  130  75.8139 99.9929
 -80  140  77.1021 101.7362
 -80  150  78.4756 103.3366
 -80  160  79.7858 104.5229
 -80  170  82.4032 107.5480
 -80  180  85.5573 108.9334
 -80 -180  85.5573 108.9334
 -80 -170  87.1325 109.8186
 -80 -160  86.5380 110.3310
 -80 -150  83.8658 109.9557
 -80 -140  83.2443 109.6889
 -80 -130  84.4827 109.1242
 -80 -120  85.3359 108.8020
 -80 -110  83.0754 107.2931
 -80 -100  81.1559 105.7153
 -80  -90  80.9299 104.9970
 -80  -80  83.6123 103.3205
 -80  -70  83.5270 102.5166
 -80  -60  83.9095 101.9933
 -80  -50  83.6989 102.3047
 -80  -40  83.0669 102.8417
 -80  -30  82.2282 103.1195
 -80  -20  81.5648 103.2616
 -80  -10  81.5017 103.4675
 -70    0  82.9836 103.6568
 -70   10  82.2366 103.8318
 -70   20  80.8477 103.7787
 -70   30  79.5255 103.3494
 -70   40  79.0672 102.4455
 -70   50  78.5311 101.1559
 -70   60  77.7749 100.1564
 -70   70  77.4479 98.6826
 -70   80  76.8520 97.6293
 -70   90  76.9203 96.9599
 -70  100  76.2423 97.7206
 -70  110  76.2528 98.9499
 -70  120  76.7900 100.6251
 -70  130  77.6890 102.5935
 -70  140  78.7480 104.2703
 -70  150  79.9323 105.5655
 -70  160  80.8869 108.4305
 -70  170  82.7890 108.5777
 -70  180  85.4604 109.7192
 -70 -180  85.4604 109.7192
 -70 -170  85.9801 109.9115
 -70 -160  84.3497 109.5930
 -70 -150  82.2777 109.1817
 -70 -140  83.1848 108.8157
 -70 -130  86.1201 108.2260
 -70 -120  83.7549 107.8435
 -70 -110  80.7922 105.9375
 -70 -100  80.1607 105.0694
 -70  -90  80.9695 104.6955
 -70  -80  83.9568 102.7869
 -70  -70  83.8454 101.8040
 -70  -60  83.7953 101.2179
 -70  -50  83.3081 101.5812
 -70  -40  82.6636 102.3852
 -70  -30  82.1516 102.8495
 -70  -20  81.9349 103.6151
 -70  -10  81.9888 103.7084
 -60    0  80.9594 103.1735
 -60   10  80.6679 102.9247
 -60   20  78.6089 102.6573
 -60   30  78.6879 102.4066
 -60   40  78.8383 101.8744
 -60   50  78.9500 101.2409
 -60   60  79.8571 100.0893
 -60   70  80.0537 98.9287
 -60   80  79.2649 98.8273
 -60   90  78.8797 98.8208
 -60  100  78.0817 100.3236
 -60  110  78.0363 101.8209
 -60  120  78.5563 103.4754
 -60  130  79.3153 105.2235
 -60  140  80.1958 106.5959
 -60  150  81.1512 107.4732
 -60  160  81.5022 109.8594
 -60  170  83.4113 109.9003
 -60  180  84.8045 109.6565
 -60 -180  84.8045 109.6565
 -60 -170  84.2315 109.4074
 -60 -160  82.2739 108.8858
 -60 -150  82.1403 108.5340
 -60 -140  85.4677 108.0455
 -60 -130  89.9771 107.5640
 -60 -120  80.8222 105.8614
 -60 -110  78.5530 103.5504
 -60 -100  79.4156 103.5608
 -60  -90  81.1401 103.5211
 -60  -80  83.6191 101.3317
 -60  -70  83.3406 100.3408
 -60  -60  82.9264 99.7757
 -60  -50  82.5054 100.5403
 -60  -40  82.3609 101.6813
 -60  -30  82.2807 103.1480
 -60  -20  82.3942 103.4248
 -60  -10  82.1052 103.3859
 -50    0  79.0198 101.6239
 -50   10  78.0667 101.1849
 -50   20  77.1699 101.1002
 -50   30  78.2032 101.3994
 -50   40  79.0360 101.5428
 -50   50  81.5908 100.5554
 -50   60  83.4730 99.0214
 -50   70  82.6723 99.0556
 -50   80  81.0398 100.3879
 -50   90  80.1061 101.1699
 -50  100  79.4437 103.0805
 -50  110  79.6249 104.5714
 -50  120  80.2649 106.1385
 -50  130  80.8978 107.5821
 -50  140  81.5572 108.5646
 -50  150  82.2013 108.9050
 -50  160  81.9842 110.5627
 -50  170  83.0866 109.8994
 -50  180  83.3670 109.3607
 -50 -180  83.3670 109.3607
 -50 -170  82.0379 108.6272
 -50 -160  81.2312 108.1295
 -50 -150  84.0406 107.6594
 -50 -140  90.7623 107.4492
 -50 -100  78.9804 101.4141
 -50  -90  81.0505 101.4774
 -50  -80  82.5050 98.6312
 -50  -70  81.8236 97.7533
 -50  -60  81.4301 98.6633
 -50  -50  81.7250 100.5076
 -50  -40  82.2644 101.6708
 -50  -30  82.5452 102.8474
 -50  -20  82.5187 103.1063
 -50  -10  81.4366 102.7274
 -40   20  76.4126 100.1052
 -40   30  78.1569 100.9546
 -40   40  82.6919 100.5901
 -40   70  84.0870 100.2487
 -40   80  81.8281 102.2045
 -40   90  80.6595 103.4840
 -40  100  80.5020 105.5950
 -40  110  81.0535 107.2312
 -40  120  81.8032 108.5113
 -40  130  82.4051 109.6229
 -40  140  82.9073 109.9992
 -40  150  83.1221 110.0120
 -40  160  82.1709 110.5211
 -40  170  82.2927 109.7433
 -40  180  81.4782 108.5513
 -40 -180  81.4782 108.5513
 -40 -170  80.5203 107.6904
 -40 -160  82.6552 107.2451
 -40 -150  89.6818 107.1211
 -40 -100  78.6590 98.9340
 -40  -50  81.4900 99.7548
 -40  -40  82.4978 101.9716
 -40  -30  82.7930 102.6361
 -40  -20  82.0190 102.5120
 -30   70  84.4595 101.6018
 -30   80  81.8542 103.8402
 -30   90  81.0575 105.5966
 -30  100  81.4855 107.6297
 -30  110  82.4349 109.3726
 -30  120  83.3157 110.5179
 -30  130  83.9198 111.0734
 -30  140  84.1554 111.0472
 -30  150  83.7635 110.4219
 -30  160  82.6075 110.3992
 -30  170  81.3814 108.8703
 -30  180  80.4439 107.5975
 -30 -180  80.4439 107.5975
 -30 -170  81.9240 106.7535
 -30 -160  88.2049 106.6331
 -30  -50  81.9613 100.2697
 -30  -40  82.8486 101.8829
 -30  -30  82.5327 102.1628
 -20   70  83.7101 102.8575
 -20   80  81.4702 105.1722
 -20   90  81.5895 107.2536
 -20  100  82.4963 109.2863
 -20  110  83.8063 111.0377
 -20  120  84.8321 111.9741
 -20  130  85.2853 112.0008
 -20  140  85.1196 111.4495
 -20  150  84.1477 110.2087
 -20  160  82.1757 108.8302
 -20  170  81.2993 107.8484
 -20  180  81.8167 106.5739
 -20 -180  81.8167 106.5739
 -20 -170  86.9191 106.1437
 -20  -50  82.3904 101.0802
 -20  -40  82.6859 101.6054
 -10   70  82.4367 104.4184
 -10   80  81.7784 106.6719
 -10   90  82.7070 108.8909
 -10  100  84.1454 110.8620
 -10  110  85.3818 112.3282
 -10  120  86.0952 112.6992
 -10  130  86.1425 112.2367
 -10  140  85.2999 111.0787
 -10  150  83.7380 109.4734
 -10  160  81.4865 107.9435
 -10  170  78.9984 106.4632
 -10  180  85.8192 105.9646
 -10 -180  85.8192 105.9646
 -10  -60  81.3869 100.4329
 -10  -50  82.1064 101.0302
