   0   50  74.5520 103.3746
   0   60  79.5871 102.6798
   0  160  69.9845 100.0654
   0  170  74.1756 101.0517
   0  180  77.2244 102.9544
   0 -180  77.2244 102.9544
   0 -170  79.3406 104.2973
   0 -160  80.9394 105.7282
   0 -150  82.3760 107.5901
   0 -140  83.5826 109.9768
   0 -130  84.4112 111.2056
   0 -120  84.3268 112.5027
   0 -110  83.2198 112.3532
   0 -100  81.3459 111.7337
   0  -90  78.8654 110.2279
   0  -80  80.5913 108.5226
  10   40  74.8701 103.4865
  10   50  78.9846 102.6763
  10  160  72.9477 101.6253
  10  170  76.5459 103.0713
  10  180  78.8094 103.9930
  10 -180  78.8094 103.9930
  10 -170  80.4769 105.3387
  10 -160  81.8911 107.0531
  10 -150  83.0977 109.1562
  10 -140  83.9091 111.1115
  10 -130  84.1970 112.1038
  10 -120  83.3113 112.7401
  10 -110  81.6309 112.5572
  10 -100  79.7568 111.0201
  10  -90  78.5643 108.8672
  10  -80  79.3275 107.0235
  20   40  78.1723 103.9580
  20   50  83.5374 101.6991
  20  150  71.7019 101.9035
  20  160  75.1144 103.3869
  20  170  77.4158 104.5619
  20  180  79.5977 105.2192
  20 -180  79.5977 105.2192
  20 -170  80.8470 106.4632
  20 -160  81.8978 108.0430
  20 -150  82.6880 110.0693
  20 -140  83.1364 111.3773
  20 -130  82.1146 112.2601
  20 -120  81.0700 112.4156
  20 -110  79.8495 111.2269
  20 -100  79.2706 109.5031
  20  -90  79.2594 107.5642
  30   30  76.7597 103.7348
  30   40  78.7815 102.1563
  30  110  74.5564 102.8618
  30  120  70.8679 102.3863
  30  160  75.8674 104.6829
  30  170  77.7903 105.2638
  30  180  79.4918 106.0253
  30 -180  79.4918 106.0253
  30 -170  80.3277 107.1139
  30 -160  81.0222 108.5708
  30 -150  81.3830 110.1833
  30 -140  80.9783 110.9469
  30 -130  80.1569 111.5153
  30 -120  79.3029 110.7813
  30 -110  78.8670 109.3132
  30 -100  79.2307 108.2892
  30  -90  79.9155 105.6231
  40   40  79.3484 99.9853
  40  100  76.8678 104.6007
  40  110  72.6356 103.2452
  40  160  75.8283 105.0910
  40  170  77.9421 105.5465
  40  180  78.5632 106.0624
  40 -180  78.5632 106.0624
  40 -170  79.0164 107.1449
  40 -160  79.4346 108.3211
  40 -150  79.5320 109.4156
  40 -140  79.1466 110.1561
  40 -130  78.5427 110.1691
  40 -120  78.2650 109.1173
  40 -110  78.5853 108.3448
  40 -100  78.3192 106.7102
  40  -90  75.3374 107.9683
  50   90  77.6704 105.9877
  50  100  74.4616 105.2981
  50  160  75.0966 104.8708
  50 -160  77.7701 107.6883
  50 -150  78.1594 108.5064
  50 -140  78.0677 108.9697
  50 -130  77.9074 108.5479
  50 -120  77.6157 108.0391
  50 -110  78.1377 107.2390
  50 -100  79.2187 106.0724
  50  -90  77.7390 109.6950
  50  -80  84.6636 108.3101
  60   80  78.5234 111.0694
  60   90  75.9794 106.4200
  60 -160  77.1312 106.8869
  60 -150  77.6770 107.7088
  60 -140  77.7116 107.7458
  60 -130  77.6252 107.4173
  60 -120  77.6515 107.0389
  60 -110  77.7488 106.5715
  60 -100  77.0662 109.1637
  60  -90  79.2523 108.7696
  60  -80  83.5120 108.0956
  70   80  76.9903 106.5111
  70 -160  77.2295 106.3763
  70 -150  77.8266 106.8390
  70 -140  77.5679 106.6819
  70 -130  77.3445 106.9696
  70 -120  77.5013 106.7890
  70 -110  77.7685 106.7716
  70 -100  78.2141 109.6412
  70  -90  79.9724 109.2509
  70  -80  82.1110 109.6470
  70  -70  82.7334 110.2362
  70  -60  82.4733 111.4340
  80   70  77.1076 106.2053
  80 -170  76.8055 104.8281
  80 -160  77.8983 105.5336
  80 -150  78.1744 105.8885
  80 -140  78.0208 106.2037
  80 -130  77.8456 106.7484
  80 -120  78.2355 106.9705
  80 -110  78.9979 107.4644
  80 -100  78.9957 109.6179
  80  -90  79.8501 109.7204
  80  -80  80.1255 111.0288
  80  -70  81.2332 111.7314
  90  180  76.0957 102.0550
  90 -180  76.0957 102.0550
  90 -170  77.9651 103.5624
  90 -160  78.2277 104.1458
  90 -150  78.5273 105.3000
  90 -140  78.5425 106.3677
  90 -130  78.7723 107.0878
  90 -120  79.2925 107.4461
  90 -110  80.2397 107.7089
  90 -100  79.2177 109.3806
  90  -90  79.1109 110.2356
  90  -80  80.4560 111.4101
 100  180  77.4617 99.9342
 100 -180  77.4617 99.9342
 100 -170  78.3552 101.0883
 100 -160  78.5132 103.0100
 100 -150  78.6437 104.5720
 100 -140  79.0155 106.6798
 100 -130  79.3587 107.3453
 100 -120  79.7661 107.4499
 100 -110  80.4252 107.5109
 100 -100  79.0099 109.3663
 100  -90  78.4743 111.7812
 100  -80  79.5669 111.4215
 110 -160  78.5781 103.7526
 110 -150  78.8305 105.1386
 110 -140  79.2145 106.7786
 110 -130  79.4880 107.1552
 110 -120  79.6216 106.9992
 110 -110  79.4167 107.7002
 110 -100  78.2093 110.6099
 110  -90  79.3522 110.7577
 120 -160  78.7373 104.7513
 120 -150  79.0847 104.9818
 120 -140  79.3456 106.0917
 120 -130  79.3326 106.4004
 120 -120  79.1109 106.9562
 120 -110  78.9859 108.3206
 120 -100  79.4064 110.4831
 130 -170  78.7424 104.3832
 130 -160  79.1740 104.5568
 130 -150  79.5355 105.1986
 130 -140  79.5155 105.4244
 130 -130  79.4151 106.4859
 130 -120  79.3736 107.6110
 130 -110  79.3004 110.2052
 140  180  78.8760 104.0099
 140 -180  78.8760 104.0099
 140 -170  79.4332 104.0760
 140 -160  79.9407 104.6600
 140 -150  80.0685 104.9448
 140 -140  80.1791 105.5367
 140 -130  80.0804 107.9021
 140 -120  80.2951 109.7081
 140 -110  80.3888 110.9395
 150  180  79.8666 103.7233
 150 -180  79.8666 103.7233
 150 -170  80.4392 104.0873
 150 -160  80.7145 104.4972
 150 -150  81.0174 105.3432
 150 -140  80.9595 107.5238
 150 -130  81.0536 109.3241
 150 -120  81.4264 109.9805
 150 -110  81.3515 108.8242
 160  170  80.3675 104.4094
 160  180  80.8726 103.9693
 160 -180  80.8726 103.9693
 160 -170  81.2463 103.9352
 160 -160  81.3628 106.0773
 160 -150  81.5327 107.3600
 160 -140  81.6873 108.7669
 160 -130  81.7319 109.4618
 160 -120  81.6976 109.1979
 160 -110  81.2111 109.7880
 160 -100  80.9856 109.8328
 170  160  80.5558 104.5802
 170  170  81.1313 104.0100
 170  180  81.6187 103.6969
 170 -180  81.6187 103.6969
 170 -170  82.1098 103.7428
 170 -160  82.0373 106.5919
 170 -150  82.1443 107.7332
 170 -140  81.8732 108.4323
 170 -130  81.4350 108.4791
 170 -120  80.7630 107.5433
 170 -110  80.3273 107.9913
 170 -100  80.1078 107.9680
 180   20  80.2895 106.6166
 180   30  80.5858 107.1734
 180  140  82.0030 105.1111
 180  150  80.5720 105.0045
 180  160  81.1825 104.2267
 180  170  81.7686 103.8108
 180  180  82.4356 103.3726
 180 -180  82.4356 103.3726
 180 -170  82.7632 103.4183
 180 -160  82.8580 103.9802
 180 -150  81.9230 107.1537
 180 -140  81.7619 105.5761
 180 -130  80.6300 105.9874
 180 -120  79.3815 105.7216
 180 -110  78.8844 106.9566
-180   20  80.2895 106.6166
-180   30  80.5858 107.1734
-180  140  82.0030 105.1111
-180  150  80.5720 105.0045
-180  160  81.1825 104.2267
-180  170  81.7686 103.8108
-180  180  82.4356 103.3726
-180 -180  82.4356 103.3726
-180 -170  82.7632 103.4183
-180 -160  82.8580 103.9802
-180 -150  81.9230 107.1537
-180 -140  81.7619 105.5761
-180 -130  80.6300 105.9874
-180 -120  79.3815 105.7216
-180 -110  78.8844 106.9566
-170   10  81.0352 106.7388
-170   20  80.6726 106.8976
-170   90  79.5751 106.4197
-170  130  82.4760 106.3310
-170  140  81.2766 105.7195
-170  150  81.0484 104.6900
-170  160  81.7200 103.9743
-170  170  82.5539 103.3707
-170  180  82.9969 103.0910
-170 -180  82.9969 103.0910
-170 -170  83.0127 103.4142
-170 -160  82.4994 103.9115
-170 -150  81.5629 104.4469
-170 -140  80.1485 104.9305
-170 -130  78.5292 105.1633
-170 -120  76.9803 104.3095
-170 -110  76.6420 105.2807
-160    0  81.2637 107.9156
-160   10  80.2272 107.9346
-160   20  81.0549 107.2019
-160   80  79.8516 106.3385
-160   90  83.3796 106.8052
-160  100  85.6613 107.5692
-160  110  85.5478 107.7176
-160  120  83.7549 107.3190
-160  130  82.0848 106.5972
-160  140  80.8288 105.4795
-160  150  81.5047 104.4287
-160  160  82.3939 103.7891
-160  170  83.0796 103.1805
-160  180  83.2489 103.2816
-160 -180  83.2489 103.2816
-160 -170  82.7430 103.3809
-160 -160  81.5882 103.5554
-160 -150  80.0053 103.8303
-160 -140  78.1252 103.9952
-160 -130  76.3728 104.2228
-160 -120  74.5275 102.7953
-160 -110  74.1581 103.8080
-160  -40  75.8949 107.8189
-160  -30  83.4143 109.1713
-160  -10  83.3030 107.9047
-150    0  80.6502 108.1024
-150   10  80.1155 107.9507
-150   20  81.0255 107.5968
-150   30  83.9924 107.6399
-150   70  80.2036 106.7173
-150   80  84.3024 106.8033
-150   90  86.0464 108.1737
-150  100  86.9575 108.7166
-150  110  85.3387 108.3535
-150  120  83.0134 107.1528
-150  130  81.5264 106.1639
-150  140  81.1084 104.9984
-150  150  82.0163 104.1572
-150  160  82.9104 103.5274
-150  170  83.3725 103.1945
-150  180  82.9634 103.0832
-150 -180  82.9634 103.0832
-150 -170  81.6861 102.9247
-150 -160  80.0159 102.8252
-150 -150  78.0046 102.6701
-150 -140  76.0156 102.6591
-150 -130  74.1917 102.6002
-150 -120  72.7423 101.8277
-150 -110  72.9021 103.2265
-150 -100  76.1887 104.6649
-150  -60  76.2855 106.6112
-150  -50  76.4511 106.8078
-150  -40  81.9558 109.4936
-150  -30  85.7304 110.4380
-150  -20  85.2515 109.6305
-150  -10  82.6047 108.8526
-140    0  80.0370 108.1555
-140   10  80.1080 107.8447
-140   20  81.2664 107.3729
-140   30  81.9019 107.8768
-140   40  82.3881 107.4945
-140   50  81.3602 106.0128
-140   60  80.9543 105.8575
-140   70  84.1246 106.3226
-140   80  85.6440 108.0243
-140   90  87.5162 109.1880
-140  100  86.8136 109.2941
-140  110  84.3391 108.1564
-140  120  81.9699 106.6785
-140  130  80.8819 105.6657
-140  140  81.3002 104.5059
-140  150  82.3962 103.7825
-140  160  83.0742 103.1757
-140  170  82.9310 102.8348
-140  180  81.8336 102.5567
-140 -180  81.8336 102.5567
-140 -170  80.1549 102.3630
-140 -160  78.0829 101.8838
-140 -150  75.8721 101.1974
-140 -140  73.7707 100.7533
-140 -130  72.0197 100.5941
-140 -120  70.9014 100.4597
-140 -110  71.2127 101.5027
-140 -100  71.8234 101.5693
-140  -90  73.3635 101.9653
-140  -80  75.9351 101.5916
-140  -70  75.8822 102.6124
-140  -60  77.9553 108.3921
-140  -50  80.9088 110.0585
-140  -40  85.4461 112.1337
-140  -30  86.2698 110.9002
-140  -20  84.2429 109.9932
-140  -10  81.6582 108.9045
-130    0  79.6314 108.0853
-130   10  80.3244 107.7592
-130   20  81.4181 107.4189
-130   30  82.1216 107.1190
-130   40  81.4989 107.3443
-130   50  81.9411 105.5076
-130   60  83.8054 105.4928
-130   70  86.0109 107.1231
-130   80  87.0715 108.7887
-130   90  87.5816 109.5601
-130  100  85.6969 109.1172
-130  110  82.7880 107.6353
-130  120  80.6271 105.9210
-130  130  80.3354 104.8332
-130  140  81.3783 103.8244
-130  150  82.3733 103.2818
-130  160  82.6749 102.8241
-130  170  81.9482 102.3881
-130  180  80.4313 101.9963
-130 -180  80.4313 101.9963
-130 -170  78.3626 101.5408
-130 -160  76.0616 100.6695
-130 -150  73.7451 99.6315
-130 -140  71.6725 98.7913
-130 -130  70.1416 98.7156
-130 -120  69.3550 98.2880
-130 -110  69.8953 99.8265
-130 -100  70.8792 100.3367
-130  -90  72.4911 101.7277
-130  -80  74.6813 104.2125
-130  -70  77.0551 107.0853
-130  -60  79.8755 109.7190
-130  -50  83.4735 111.3203
-130  -40  86.0957 111.6222
-130  -30  85.3914 110.8314
-130  -20  82.5476 109.6758
-130  -10  80.3325 108.6819
-120    0  79.6403 108.0010
-120   10  80.8023 107.6267
-120   20  81.8981 107.2524
-120   30  82.1998 106.9444
-120   40  82.0917 106.9307
-120   50  82.7059 107.2752
-120   60  84.5229 106.0074
-120   70  85.5912 107.9876
-120   80  87.1217 109.5013
-120   90  86.4171 109.6300
-120  100  83.7700 108.3120
-120  110  80.7598 106.6804
-120  120  79.2983 105.4832
-120  130  80.0614 104.0808
-120  140  81.3571 103.4796
-120  150  82.1425 102.9623
-120  160  81.8952 102.4622
-120  170  80.6472 102.0326
-120  180  78.7581 101.4214
-120 -180  78.7581 101.4214
-120 -170  76.5052 100.5775
-120 -160  74.1731 99.5076
-120 -150  71.8749 98.3131
-120 -140  69.9701 97.1883
-120 -130  68.8656 96.8981
-120 -120  68.6896 96.8713
-120 -110  69.6405 99.3221
-120 -100  71.0221 100.4972
-120  -90  72.8693 102.5391
-120  -80  75.1052 105.3867
-120  -70  77.7744 108.4123
-120  -60  81.1776 110.9087
-120  -50  84.5237 112.0236
-120  -40  85.6134 111.6948
-120  -30  83.4796 110.5019
-120  -20  80.7986 109.4066
-120  -10  79.3742 108.4794
-110    0  80.0316 107.6286
-110   10  81.4040 107.4227
-110   20  82.0021 106.9390
-110   30  81.8041 106.8455
-110   40  81.5899 107.2099
-110   50  82.1575 108.0568
-110   60  83.9960 107.5843
-110   70  85.3783 108.7016
-110   80  85.8842 109.6064
-110   90  84.2512 108.9516
-110  100  81.3390 107.4489
-110  110  78.8401 105.7943
-110  120  78.8682 104.3459
-110  130  80.0351 103.6726
-110  140  81.2647 103.0035
-110  150  81.5381 102.4714
-110  160  80.6333 101.9722
-110  170  79.0524 101.5211
-110  180  77.1181 100.6879
-110 -180  77.1181 100.6879
-110 -170  74.9508 99.5982
-110 -160  72.7077 98.2520
-110 -150  70.5942 97.0345
-110 -140  69.0134 96.0138
-110 -130  68.4120 95.9163
-110 -120  68.8534 96.2242
-110 -110  69.9915 99.6489
-110 -100  71.5510 101.5212
-110  -90  73.3573 104.0612
-110  -80  75.5046 107.0289
-110  -70  78.3616 109.9610
-110  -60  81.7304 111.9068
-110  -50  84.2211 112.3893
-110  -40  83.8336 111.4236
-110  -30  81.0800 110.2450
-110  -20  79.4588 109.0759
-110  -10  79.1003 108.1705
-100    0  80.7303 107.4320
-100   10  81.7810 107.1160
-100   20  81.5209 106.7436
-100   30  80.7291 106.8986
-100   40  80.6683 107.6579
-100   50  81.0945 108.8644
-100   60  82.8957 107.6717
-100   70  84.0562 108.9669
-100   80  83.6886 109.2399
-100   90  81.6342 108.0940
-100  100  78.8177 106.4369
-100  110  77.2541 105.1799
-100  120  78.3664 103.9411
-100  130  80.0080 103.3145
-100  140  81.1144 102.4701
-100  150  80.7497 102.0648
-100  160  79.4107 101.6615
-100  170  77.7058 101.1957
-100  180  75.9005 100.1948
-100 -180  75.9005 100.1948
-100 -170  73.9047 98.8865
-100 -160  71.8224 97.5428
-100 -150  70.0117 96.3573
-100 -140  68.8658 95.5744
-100 -130  68.5379 95.4906
-100 -120  69.5470 96.3748
-100 -110  70.7513 101.0168
-100 -100  72.2185 103.3228
-100  -90  73.7661 106.0916
-100  -80  75.8393 108.8986
-100  -70  78.7332 111.2201
-100  -60  81.5589 112.5443
-100  -50  82.7180 112.2980
-100  -40  81.3374 111.1473
-100  -30  79.5002 109.7405
-100  -20  78.7425 108.6797
-100  -10  79.2537 107.9208
 -90    0  81.7425 107.0181
 -90   10  81.8837 106.6850
 -90   20  80.5498 106.6016
 -90   30  79.4522 107.0979
 -90   40  79.6815 107.9932
 -90   50  79.3068 109.3832
 -90   60  81.4788 107.9818
 -90   70  81.9940 108.6273
 -90   80  80.9630 108.2515
 -90   90  78.7542 106.9836
 -90  100  76.4948 105.4622
 -90  110  76.7139 104.2639
 -90  120  78.3732 103.5120
 -90  130  80.5823 102.6684
 -90  140  81.1722 101.9715
 -90  150  80.0880 101.6141
 -90  160  78.4770 101.4513
 -90  170  76.7668 101.1038
 -90  180  75.2493 100.1772
 -90 -180  75.2493 100.1772
 -90 -170  73.4374 98.7881
 -90 -160  71.5744 97.5330
 -90 -150  70.1339 96.3889
 -90 -140  69.3970 96.0451
 -90 -130  69.4902 96.4484
 -90 -120  70.4744 98.1829
 -90 -110  71.7059 99.9425
 -90 -100  72.9433 105.6288
 -90  -90  74.1836 108.2584
 -90  -80  76.2749 110.5282
 -90  -70  78.8540 112.1866
 -90  -60  80.6270 112.8390
 -90  -50  80.5998 112.0780
 -90  -40  79.1506 110.8147
 -90  -30  78.4204 109.5668
 -90  -20  78.7682 108.6108
 -90  -10  80.1598 107.7052
 -80    0  81.5106 106.4931
 -80   10  79.9115 105.8354
 -80   20  77.8372 106.2425
 -80   30  77.1560 107.4816
 -80   40  77.6595 108.2927
 -80   50  78.9076 107.8769
 -80   60  79.5163 107.5929
 -80   70  79.4259 107.5844
 -80   80  78.1243 106.8865
 -80   90  75.9554 105.8532
 -80  100  74.7333 105.2044
 -80  110  76.4554 103.8237
 -80  120  78.7693 103.6075
 -80  130  80.5290 102.7351
 -80  140  79.7866 102.2088
 -80  150  78.3941 102.1760
 -80  160  77.3154 101.5288
 -80  170  76.2595 101.3433
 -80  180  75.0161 100.4375
 -80 -180  75.0161 100.4375
 -80 -170  73.4075 99.1698
 -80 -160  71.8152 98.1628
 -80 -150  70.7723 97.3608
 -80 -140  70.4299 97.5614
 -80 -130  70.8033 98.4381
 -80 -120  71.5462 99.9278
 -80 -110  72.5599 102.8256
 -80 -100  73.5386 105.5224
 -80  -90  74.7030 109.1672
 -80  -80  76.6013 111.6930
 -80  -70  78.3724 112.7235
 -80  -60  79.1009 112.8033
 -80  -50  78.1638 111.8005
 -80  -40  77.8823 110.3958
 -80  -30  78.2584 109.4794
 -80  -20  79.4487 108.4698
 -80  -10  81.4185 107.3607
 -70    0  79.8280 105.1795
 -70   10  77.7683 105.1567
 -70   20  74.9017 106.0139
 -70   30  75.3998 107.1715
 -70   40  76.2699 107.8659
 -70   50  76.4069 107.0998
 -70   60  76.9008 106.5542
 -70   70  76.5411 106.2883
 -70   80  75.2001 105.7773
 -70   90  73.5822 105.0205
 -70  100  74.5415 104.2965
 -70  110  76.6785 103.6594
 -70  120  80.0158 102.4134
 -70  130  79.9696 101.0667
 -70  140  77.7740 101.2208
 -70  150  76.2281 102.1103
 -70  160  75.7631 101.9111
 -70  170  75.5192 101.8418
 -70  180  74.8616 100.9052
 -70 -180  74.8616 100.9052
 -70 -170  73.5276 99.7931
 -70 -160  72.2487 99.1975
 -70 -150  71.6361 98.9299
 -70 -140  71.6954 99.4582
 -70 -130  72.2359 100.8034
 -70 -120  72.9184 102.4440
 -70 -110  73.6409 104.4933
 -70 -100  74.5845 106.8983
 -70  -90  75.8246 109.0927
 -70  -80  76.5304 112.3406
 -70  -70  77.3837 112.8942
 -70  -60  77.5845 112.3566
 -70  -50  77.2176 111.3192
 -70  -40  77.6455 110.3234
 -70  -30  78.5124 109.2988
 -70  -20  80.5583 108.0656
 -70  -10  82.4508 106.5000
 -60    0  76.2724 106.8437
 -60   10  74.8890 104.0746
 -60   20  74.4452 105.3047
 -60   30  74.8851 106.5750
 -60   40  74.7901 106.9072
 -60   50  73.2189 104.9646
 -60   60  74.0551 104.9854
 -60   70  73.6252 104.7351
 -60   80  72.3155 104.9567
 -60   90  72.1329 104.5544
 -60  100  74.1105 103.8333
 -60  110  78.4728 101.6015
 -60  120  79.9359 97.5873
 -60  130  74.8535 96.5091
 -60  140  73.7581 99.8693
 -60  150  74.4847 101.8527
 -60  160  75.7349 102.2141
 -60  170  75.3021 102.0469
 -60  180  74.5856 101.2112
 -60 -180  74.5856 101.2112
 -60 -170  73.5676 100.4331
 -60 -160  72.8069 100.3977
 -60 -150  72.5287 100.7128
 -60 -140  73.0473 101.5040
 -60 -130  73.7667 103.0243
 -60 -120  74.4231 104.5311
 -60 -110  75.0911 106.3136
 -60 -100  76.0533 108.0282
 -60  -90  77.5497 109.8148
 -60  -80  76.4754 112.3342
 -60  -70  77.1413 112.4248
 -60  -60  77.0756 111.6465
 -60  -50  77.0055 110.6840
 -60  -40  77.8659 109.9374
 -60  -30  79.6173 108.8014
 -60  -20  81.6994 106.9630
 -60  -10  79.2146 104.3787
 -50   20  74.9774 104.6740
 -50   30  74.3310 105.2907
 -50   40  71.9710 103.2930
 -50   50  70.3761 102.9745
 -50   60  70.4899 103.5907
 -50   70  70.6085 103.8797
 -50   80  70.8976 104.1139
 -50   90  72.7760 103.3510
 -50  100  75.8717 101.2980
 -50  140  72.7347 99.4837
 -50  150  74.8081 102.2513
 -50  160  75.6424 102.5399
 -50  170  74.6085 101.9034
 -50  180  73.9165 101.3201
 -50 -180  73.9165 101.3201
 -50 -170  72.0062 100.5335
 -50 -160  72.6323 101.1941
 -50 -150  73.6457 102.2225
 -50 -140  74.5958 103.3465
 -50 -130  75.4031 104.9468
 -50 -120  76.0553 106.3048
 -50 -110  76.6821 107.6475
 -50 -100  77.6605 108.8908
 -50  -90  79.2835 110.1658
 -50  -80  77.3407 112.1262
 -50  -70  77.4859 111.4865
 -50  -60  76.9992 110.9603
 -50  -50  77.5669 110.1462
 -50  -40  79.0383 109.0779
 -50  -30  82.3550 109.6191
 -40   20  75.4751 103.3334
 -40   30  72.3085 103.2170
 -40   40  69.6413 102.5424
 -40   50  68.6809 103.6189
 -40   60  67.9560 102.0642
 -40   70  69.5030 103.3517
 -40   80  71.2685 102.7336
 -40   90  73.3524 101.3117
 -40  150  75.4797 102.7209
 -40  160  74.5667 101.9501
 -40  170  73.2053 101.1519
 -40  180  71.2222 100.5094
 -40 -180  71.2222 100.5094
 -40 -170  72.2747 100.9843
 -40 -160  73.8793 102.1861
 -40 -150  75.2856 103.5224
 -40 -140  76.3192 104.7760
 -40 -130  77.1543 106.4664
 -40 -120  77.8385 107.6549
 -40 -110  78.5898 108.6879
 -40 -100  79.4453 109.5024
 -40  -90  81.2469 109.8212
 -40  -80  78.4684 111.5596
 -40  -70  77.8544 110.8644
 -40  -60  77.8689 110.3657
 -40  -50  78.7422 109.1775
 -40  -40  81.4281 109.1288
 -30   20  71.9490 99.2241
 -30   60  68.4729 103.3335
 -30   70  70.5821 102.0531
 -30   80  72.5426 102.7307
 -30  140  78.6194 103.1843
 -30  150  74.8843 102.4799
 -30  160  72.3097 99.5230
 -30  170  69.8806 99.5735
 -30  180  71.0398 100.5316
 -30 -180  71.0398 100.5316
 -30 -170  73.4686 101.7890
 -30 -160  75.5858 103.2325
 -30 -150  77.0781 104.5673
 -30 -140  78.1558 105.9534
 -30 -130  79.1555 107.5976
 -30 -120  80.0049 108.8083
 -30 -110  80.6481 109.8869
 -30 -100  81.2531 110.1178
 -30  -90  82.3880 109.5310
 -30  -80  79.3715 111.4429
 -30  -70  78.7453 110.3998
 -30  -60  79.1943 109.2807
 -30  -50  81.0022 108.9101
 -20   60  70.9657 103.3411
 -20   70  73.4361 102.7450
 -20  140  76.3794 102.3375
 -20  170  69.4737 99.2234
 -20  180  72.4565 100.9101
 -20 -180  72.4565 100.9101
 -20 -170  75.4441 102.5389
 -20 -160  77.5072 103.9075
 -20 -150  78.9056 105.4253
 -20 -140  80.2914 106.8617
 -20 -130  81.3920 108.8628
 -20 -120  82.0703 110.0679
 -20 -110  82.5885 110.9858
 -20 -100  82.4266 110.7767
 -20  -90  81.8897 110.0319
 -20  -80  80.0351 111.0263
 -20  -70  80.0243 109.2153
 -20  -60  80.6253 108.0057
 -10   60  74.1834 103.2493
 -10  170  71.2399 99.7700
 -10  180  74.9384 101.8768
 -10 -180  74.9384 101.8768
 -10 -170  77.5761 103.3521
 -10 -160  79.3232 104.7240
 -10 -150  80.9331 106.4192
 -10 -140  82.2267 108.4298
 -10 -130  83.1673 110.0960
 -10 -120  83.8364 111.3812
 -10 -110  83.6356 111.7774
 -10 -100  82.4631 111.4586
 -10  -90  80.4036 110.5205
 -10  -80  80.6869 110.2181
 -10  -70  80.4862 107.8667
