   0  180  84.2880 106.4456
   0 -180  84.2880 106.4456
   0 -170  81.8568 107.3509
   0 -160  81.7426 108.8216
   0 -150  82.9155 111.1657
   0 -140  84.4837 113.5274
   0 -130  85.5388 114.7891
   0 -120  85.1882 115.4729
   0 -110  85.4813 115.1360
   0 -100  84.6325 113.8875
   0  -90  83.6670 112.3671
   0  -80  82.9416 110.3698
   0  -70  82.1856 108.2337
   0  -60  82.9969 104.3564
  10  180  82.2182 107.3470
  10 -180  82.2182 107.3470
  10 -170  81.3652 108.3840
  10 -160  82.4091 109.9970
  10 -150  83.8309 112.4856
  10 -140  85.1567 114.1765
  10 -130  85.8735 115.6422
  10 -120  85.2676 115.5253
  10 -110  84.5031 114.4270
  10 -100  83.4082 113.1935
  10  -90  82.9616 111.5444
  10  -80  82.6816 109.4391
  10  -70  81.9252 106.3601
  20  170  82.1114 107.5241
  20  180  80.7493 108.1966
  20 -180  80.7493 108.1966
  20 -170  81.4822 109.0321
  20 -160  82.5829 110.3508
  20 -150  84.2874 113.1078
  20 -140  84.9605 115.0809
  20 -130  84.9579 115.6998
  20 -120  83.9094 114.8038
  20 -110  83.6939 113.6490
  20 -100  82.7307 112.2377
  20  -90  82.1331 110.5018
  20  -80  81.8324 108.6206
  20  -70  83.3460 106.7535
  30  170  79.8526 108.1578
  30  180  80.9104 108.8120
  30 -180  80.9104 108.8120
  30 -140  84.5049 115.4177
  30 -130  83.5272 114.5875
  30 -120  82.8673 113.6753
  30 -110  82.2243 112.7097
  30 -100  81.6324 111.0129
  30  -90  81.3655 109.8327
  30  -80  81.7318 107.4652
  40 -140  83.2158 113.7836
  40 -130  82.1812 113.4680
  40 -120  81.5038 112.4343
  40 -110  81.1385 111.2652
  40 -100  81.2017 110.3521
  40  -90  81.4836 109.2465
  40  -80  83.3206 106.5669
  50 -140  81.8351 111.6934
  50 -130  80.2183 112.0647
  50 -120  80.2544 110.8409
  50 -110  80.3814 109.9839
  50 -100  80.9207 109.5470
  50  -90  81.9642 108.3368
  50  -80  83.5721 106.4483
  50  -30  79.5935 111.8553
  60 -140  80.6649 110.0149
  60 -130  79.2275 110.6427
  60 -120  79.6946 109.3521
  60 -110  80.2298 109.1974
  60 -100  81.2587 108.8510
  60  -90  82.6782 108.0024
  60  -80  83.8044 107.2125
  60  -70  85.2622 106.3755
  60  -40  83.3857 113.2000
  60  -30  77.6776 112.6098
  70 -140  81.5941 108.5130
  70 -130  80.6506 108.3223
  70 -120  80.0926 107.5276
  70 -110  81.1962 107.8481
  70 -100  82.5822 107.9813
  70  -90  83.2518 108.3594
  70  -80  83.2140 108.1728
  70  -70  83.6257 108.9415
  70  -60  84.0494 111.2033
  70  -50  83.3453 112.6026
  70  -40  80.0374 112.9072
  80 -130  81.3397 107.3148
  80 -120  80.7494 107.1377
  80 -110  81.5246 107.9167
  80 -100  82.9532 108.6356
  80  -90  83.4860 108.7192
  80  -80  82.6665 108.8934
  80  -70  82.2076 109.5828
  80  -60  82.5868 111.6189
  80  -50  80.6761 112.0249
  90 -130  81.0445 107.0934
  90 -120  81.1274 107.1541
  90 -110  82.0646 108.8655
  90 -100  83.2992 109.0073
  90  -90  83.8149 108.7467
  90  -80  82.4620 107.6813
  90  -70  81.7193 110.3477
  90  -60  80.6486 111.2746
 100 -130  80.7612 107.2761
 100 -120  81.8795 107.4824
 100 -110  82.2344 108.4099
 100 -100  83.0430 108.4600
 100  -90  82.5631 105.4803
 100  -80  82.0397 108.7756
 100  -70  81.0195 108.1503
 110 -130  81.8281 106.9534
 110 -120  81.7898 107.4754
 110 -110  81.9900 107.4886
 110 -100  82.2723 107.8861
 110  -90  82.4856 108.9215
 110  -80  82.2358 110.4250
 120 -140  81.4547 106.2462
 120 -130  82.1075 106.4897
 120 -120  81.9958 106.5820
 120 -110  81.8885 106.9765
 120 -100  81.9994 107.9628
 120  -90  81.8726 109.7657
 130 -150  81.5739 108.8767
 130 -140  81.9342 104.0131
 130 -130  82.1184 105.3985
 130 -120  82.1893 106.1214
 130 -110  82.0742 107.0384
 130 -100  82.0202 108.8894
 130  -90  81.7326 109.6637
 140 -150  82.5853 105.5672
 140 -140  82.3130 105.0810
 140 -130  82.3867 106.2784
 140 -120  82.8164 106.7515
 140 -110  82.9263 108.1362
 140 -100  82.7171 109.3562
 150 -170  81.8635 102.6486
 150 -160  80.1942 103.1242
 150 -150  82.5625 104.9060
 150 -140  82.8496 105.7417
 150 -130  83.0133 107.2153
 150 -120  83.7763 108.1661
 150 -110  84.0542 109.2585
 150 -100  83.6746 110.2654
 160  180  84.1605 103.2765
 160 -180  84.1605 103.2765
 160 -170  80.5995 103.8300
 160 -160  83.4186 104.0434
 160 -150  82.8275 106.3444
 160 -140  83.4309 107.4600
 160 -130  84.3422 108.8132
 160 -120  84.6669 109.8334
 160 -110  84.5542 110.5904
 160 -100  83.7603 109.7013
 170  170  82.9464 103.7508
 170  180  81.8373 104.1445
 170 -180  81.8373 104.1445
 170 -170  83.9355 104.7915
 170 -160  82.6533 106.8045
 170 -150  83.4967 107.4967
 170 -140  84.3343 109.0048
 170 -130  84.6617 109.9937
 170 -120  84.5243 110.3179
 170 -110  83.8007 109.2590
 170 -100  82.5881 107.9857
 170  -90  82.0588 106.3787
 180  160  81.3214 104.2431
 180  170  80.1044 104.8219
 180  180  85.3201 105.1373
 180 -180  85.3201 105.1373
 180 -170  84.1104 107.0973
 180 -160  82.9765 107.6591
 180 -150  84.0070 108.4925
 180 -140  84.1806 109.2628
 180 -130  83.9953 109.2847
 180 -120  83.2697 108.3108
 180 -110  82.1968 107.5106
 180 -100  81.5134 106.6582
-180  160  81.3214 104.2431
-180  170  80.1044 104.8219
-180  180  85.3201 105.1373
-180 -180  85.3201 105.1373
-180 -170  84.1104 107.0973
-180 -160  82.9765 107.6591
-180 -150  84.0070 108.4925
-180 -140  84.1806 109.2628
-180 -130  83.9953 109.2847
-180 -120  83.2697 108.3108
-180 -110  82.1968 107.5106
-180 -100  81.5134 106.6582
-170  150  82.1379 102.6176
-170  160  78.6242 104.5379
-170  170  85.6117 105.9227
-170  180  83.7498 105.7943
-170 -180  83.7498 105.7943
-170 -170  83.7652 106.8372
-170 -160  83.3562 106.9739
-170 -150  83.5208 107.4980
-170 -140  83.1813 107.5904
-170 -130  82.4334 106.8536
-170 -120  81.1887 106.4796
-170 -110  80.0151 106.1793
-170 -100  79.9538 106.7299
-160  140  81.7325 104.4437
-160  150  79.0653 102.2628
-160  160  85.1350 105.8010
-160  170  82.3813 106.3489
-160  180  83.9382 105.5671
-160 -180  83.9382 105.5671
-160 -170  83.5748 106.7122
-160 -160  82.6462 105.3483
-160 -150  82.3702 105.4694
-160 -140  81.5649 104.8063
-160 -130  80.2382 104.6117
-160 -120  78.8343 104.5355
-160 -110  77.8357 105.2259
-160 -100  77.7571 106.1230
-150  130  82.2186 105.7516
-150  140  81.0919 107.3182
-150  150  82.9470 106.3311
-150  160  82.2240 106.6841
-150  170  81.8288 107.1351
-150  180  83.6991 105.7190
-150 -180  83.6991 105.7190
-150 -170  82.5750 104.9981
-150 -160  80.2940 105.7634
-150 -150  80.8101 103.2928
-150 -140  79.7497 103.5436
-150 -130  78.2856 103.1241
-150 -120  76.4586 102.8142
-150 -110  74.8751 102.8603
-140   10  86.3052 107.7106
-140   60  81.7814 110.3019
-140   70  81.4782 111.7916
-140  120  86.9428 109.0347
-140  130  81.2474 108.6746
-140  140  81.8388 109.5100
-140  150  83.4514 109.5650
-140  160  83.3010 108.8476
-140  170  83.0022 105.2711
-140  180  82.4795 105.5424
-140 -180  82.4795 105.5424
-140 -170  78.4797 104.7848
-140 -160  78.4396 104.0040
-140 -150  79.1399 101.5451
-140 -140  77.4367 101.8243
-140 -130  75.5212 100.9131
-140 -120  73.7949 100.4993
-140 -110  72.2724 100.3253
-140 -100  70.3516 100.5116
-140  -50  74.0220 105.7111
-130    0  86.3532 108.7886
-130   10  85.1887 107.7852
-130   20  87.1759 107.6806
-130   30  88.5118 107.0534
-130   50  82.4126 109.6730
-130   60  82.9308 109.4887
-130   70  84.7419 111.0189
-130   80  88.3675 111.5300
-130  110  87.2822 108.0678
-130  120  83.8051 108.3488
-130  130  81.5758 109.6441
-130  140  83.5574 110.3401
-130  150  84.0211 110.9354
-130  160  83.6273 109.9777
-130  170  82.5206 105.9415
-130  180  81.6313 105.6947
-130 -180  81.6313 105.6947
-130 -170  76.9057 103.8082
-130 -160  76.4579 102.2661
-130 -150  75.5783 100.0808
-130 -140  75.1625 99.7462
-130 -130  73.0982 98.6392
-130 -120  71.6785 98.3387
-130 -110  70.7094 98.3149
-130 -100  70.7843 98.6584
-130  -90  67.7056 98.0756
-130  -80  68.7520 100.5973
-130  -70  70.9089 102.6524
-130  -60  74.8070 105.8948
-130  -50  79.4631 108.0884
-130  -40  84.0440 111.5131
-120    0  84.5508 108.3397
-120   10  84.7197 108.1748
-120   20  86.4058 107.4530
-120   30  86.2450 107.7457
-120   40  84.1899 107.5076
-120   50  83.2966 107.5277
-120   60  84.5947 110.8713
-120   70  86.6896 112.5090
-120   80  88.6935 112.2948
-120   90  89.4459 111.9742
-120  100  87.9401 108.6821
-120  110  84.9903 108.4364
-120  120  84.0215 109.2910
-120  130  85.3551 110.7489
-120  140  84.7587 111.8561
-120  150  85.1344 111.9276
-120  160  82.8984 106.9731
-120  170  82.1157 105.9627
-120  180  78.2489 103.8618
-120 -180  78.2489 103.8618
-120 -170  76.3787 102.0956
-120 -160  75.6124 100.8625
-120 -150  73.6467 99.4223
-120 -140  72.5960 98.0214
-120 -130  71.7478 97.1076
-120 -120  70.6784 96.8743
-120 -110  70.6179 96.8051
-120 -100  71.6200 97.1629
-120  -90  72.3983 98.8016
-120  -80  71.3223 100.8311
-120  -70  74.3605 103.7464
-120  -60  79.4602 106.3854
-120  -50  84.7776 109.8798
-120  -40  87.4392 111.7893
-120  -10  86.1491 109.6164
-110    0  84.1806 108.3437
-110   10  84.4290 107.6930
-110   20  84.2335 107.5887
-110   30  85.8714 106.9992
-110   40  85.4757 106.8639
-110   50  84.7385 107.3557
-110   60  85.5320 109.5120
-110   70  87.7969 111.4099
-110   80  89.4103 111.1818
-110   90  88.4171 109.6967
-110  100  87.3883 109.3427
-110  110  84.7388 109.1743
-110  120  84.1481 109.9515
-110  130  84.6331 111.5245
-110  140  86.4520 112.8402
-110  150  85.2736 111.6714
-110  160  82.7476 106.8553
-110  170  81.7154 105.8029
-110  180  80.4366 104.5024
-110 -180  80.4366 104.5024
-110 -170  78.9132 102.6640
-110 -160  76.4288 100.7237
-110 -150  73.2395 98.1217
-110 -140  70.6494 96.6834
-110 -130  69.4919 96.4914
-110 -120  69.6707 96.6904
-110 -110  71.4338 96.5142
-110 -100  71.8213 97.9012
-110  -90  73.6139 99.7128
-110  -80  74.5109 102.6794
-110  -70  78.5577 105.2417
-110  -60  83.1595 108.7463
-110  -50  86.0189 111.3627
-110  -40  88.2312 111.9597
-110  -20  86.7660 109.7847
-110  -10  84.2593 109.0952
-100    0  83.9671 108.2812
-100   10  82.5585 108.6411
-100   20  85.2843 108.2800
-100   30  85.7600 107.5310
-100   40  84.0641 107.9297
-100   50  83.7159 108.5502
-100   60  86.0196 109.2258
-100   70  88.5703 111.2628
-100   80  89.2684 110.8386
-100   90  87.6218 109.9819
-100  100  83.8451 108.7168
-100  110  82.2131 108.7470
-100  120  84.6062 110.9345
-100  130  86.5930 112.4196
-100  140  86.8952 112.5480
-100  150  85.3590 110.6803
-100  160  82.4351 106.8723
-100  170  81.4626 105.8130
-100  180  80.3786 104.0876
-100 -180  80.3786 104.0876
-100 -170  78.6109 102.0323
-100 -160  75.9500 99.4575
-100 -150  73.5943 98.0419
-100 -140  70.2366 96.7257
-100 -130  69.9614 96.3683
-100 -120  70.3333 96.7975
-100 -110  71.5088 97.9273
-100 -100  73.1007 99.8022
-100  -90  74.6259 102.1692
-100  -80  76.6560 104.7642
-100  -70  79.6163 107.7753
-100  -60  82.0402 110.2561
-100  -50  85.0593 112.2277
-100  -40  87.4753 112.2380
-100  -30  87.1437 110.8865
-100  -20  85.0552 109.4943
-100  -10  83.0827 108.7245
 -90    0  81.1883 107.5821
 -90   10  83.3470 107.8532
 -90   20  84.6419 107.4661
 -90   30  84.3078 107.2751
 -90   40  83.3020 107.7014
 -90   50  83.6858 108.6625
 -90   60  86.9286 109.2333
 -90   70  87.9105 110.2608
 -90   80  86.3492 110.0035
 -90   90  83.9290 108.8948
 -90  100  81.8456 108.5556
 -90  110  83.7730 110.0951
 -90  120  85.6573 111.2137
 -90  130  87.6391 112.2274
 -90  140  86.7816 111.4138
 -90  150  83.3348 107.7123
 -90  160  82.8813 107.3677
 -90  170  81.3961 105.7434
 -90  180  80.1957 103.8004
 -90 -180  80.1957 103.8004
 -90 -170  78.1539 101.7918
 -90 -160  75.9703 98.8646
 -90 -150  74.2499 97.7544
 -90 -140  70.7320 97.9676
 -90 -130  70.9250 97.1235
 -90 -120  71.5768 97.9344
 -90 -110  72.7253 99.6979
 -90 -100  74.1966 101.8201
 -90  -90  75.7199 104.2068
 -90  -80  77.6188 106.7984
 -90  -70  80.1261 109.5750
 -90  -60  82.1310 111.4550
 -90  -50  84.3112 112.4506
 -90  -40  85.4212 112.0432
 -90  -30  84.7614 110.3318
 -90  -20  82.7666 109.0481
 -90  -10  81.7676 108.1616
 -80    0  82.6728 106.7933
 -80   10  84.2953 106.3139
 -80   20  82.9188 106.3499
 -80   30  82.6431 107.1520
 -80   40  82.1966 107.4350
 -80   50  83.7604 108.1305
 -80   60  86.2006 108.9384
 -80   70  84.8144 108.9143
 -80   80  83.0783 108.7283
 -80   90  81.6242 108.8578
 -80  100  80.4601 107.5207
 -80  110  84.5995 110.0793
 -80  120  87.5411 110.9811
 -80  130  88.1433 111.0350
 -80  140  85.9315 109.8277
 -80  150  83.5572 108.6529
 -80  160  81.8556 107.2243
 -80  170  81.1144 105.7097
 -80  180  80.2454 103.6849
 -80 -180  80.2454 103.6849
 -80 -170  78.8887 102.0125
 -80 -160  77.4103 99.4243
 -80 -150  75.5915 98.8761
 -80 -140  72.2734 100.0177
 -80 -130  72.8089 99.1198
 -80 -120  73.3954 100.1689
 -80 -110  74.3743 102.0316
 -80 -100  75.6775 104.2064
 -80  -90  76.7626 106.6204
 -80  -80  78.2795 108.7635
 -80  -70  80.0094 111.0643
 -80  -60  81.9848 112.0927
 -80  -50  83.6239 112.4287
 -80  -40  83.8441 111.3616
 -80  -30  82.2456 109.9380
 -80  -20  80.4017 108.7732
 -80  -10  80.8462 107.4838
 -70    0  85.1267 105.6786
 -70   10  83.2776 105.3295
 -70   20  80.7617 105.7783
 -70   30  80.8290 106.6412
 -70   40  81.2793 106.9786
 -70   50  83.8762 107.3223
 -70   60  83.5835 108.2040
 -70   70  82.0751 108.0881
 -70   80  80.7028 108.1474
 -70   90  80.4904 107.8320
 -70  100  83.2817 109.5761
 -70  110  86.1539 109.6895
 -70  120  88.5634 109.8462
 -70  130  86.4748 109.5775
 -70  140  83.8850 108.6569
 -70  150  81.8214 107.9307
 -70  160  81.1369 107.0661
 -70  170  81.2640 105.2804
 -70  180  81.4244 103.1864
 -70 -180  81.4244 103.1864
 -70 -170  80.3916 101.4145
 -70 -160  79.7136 100.7656
 -70 -150  77.2671 100.5931
 -70 -140  74.4411 101.4002
 -70 -130  74.6366 101.3117
 -70 -120  75.0912 102.7756
 -70 -110  76.0096 104.4758
 -70 -100  76.8420 106.6911
 -70  -90  77.6405 108.7183
 -70  -80  78.6809 110.3888
 -70  -70  79.7279 111.9530
 -70  -60  81.6931 112.4015
 -70  -50  82.5143 111.7774
 -70  -40  81.8829 110.7246
 -70  -30  80.0890 109.4368
 -70  -20  79.3302 108.3939
 -70  -10  81.5222 106.8948
 -60   20  82.7091 104.6502
 -60   30  80.0850 105.9297
 -60   40  81.0379 106.0271
 -60   50  84.4903 106.7395
 -60   80  79.0527 107.5046
 -60   90  80.5114 107.2330
 -60  100  84.0181 108.5756
 -60  110  87.5077 107.7165
 -60  120  88.4939 107.9547
 -60  130  84.3671 107.6041
 -60  140  81.5875 107.8527
 -60  150  80.5678 107.7160
 -60  160  82.0546 106.4641
 -60  170  81.6154 103.2760
 -60 -170  79.3353 101.4374
 -60 -160  81.0482 102.2886
 -60 -150  78.3498 102.1553
 -60 -140  76.2049 102.5997
 -60 -130  76.1929 103.6805
 -60 -120  76.5898 105.2776
 -60 -110  77.3008 106.9352
 -60 -100  78.0090 108.9508
 -60  -90  78.5007 110.4167
 -60  -80  79.1085 111.4692
 -60  -70  79.5109 112.2891
 -60  -60  81.4016 111.9313
 -60  -50  81.5129 111.2929
 -60  -40  80.3963 110.0011
 -60  -30  78.9186 109.0665
 -60  -20  79.6549 107.6739
 -60  -10  84.5104 105.3449
 -50   30  79.5396 104.5698
 -50   40  85.6141 103.5444
 -50   90  80.6548 106.0834
 -50  100  84.4587 105.7843
 -50  140  79.1665 106.9895
 -50  150  80.3895 106.6352
 -50 -160  81.1143 103.5075
 -50 -150  78.9031 103.8748
 -50 -140  77.4369 104.5291
 -50 -130  77.5112 105.9696
 -50 -120  77.9352 107.6457
 -50 -110  78.5723 109.1859
 -50 -100  79.1398 110.9369
 -50  -90  79.5591 111.8651
 -50  -80  79.8207 112.3554
 -50  -70  79.8010 112.1933
 -50  -60  81.2823 111.6530
 -50  -50  80.7853 110.6808
 -50  -40  79.3764 109.5064
 -50  -30  78.5780 108.4252
 -50  -20  82.0549 105.4972
 -40 -160  80.9692 104.4887
 -40 -150  78.9296 105.0595
 -40 -140  78.4626 106.5183
 -40 -130  78.6969 108.0072
 -40 -120  79.3696 109.4927
 -40 -110  80.0957 111.3709
 -40 -100  80.6720 112.4352
 -40  -90  80.9194 112.9226
 -40  -80  80.8510 112.7325
 -40  -70  80.5260 111.8135
 -40  -60  81.1005 110.7412
 -40  -50  80.4343 109.9357
 -40  -40  78.9530 108.8046
 -40  -30  79.9985 106.1630
 -30 -160  81.6675 105.5528
 -30 -150  79.3988 106.6941
 -30 -140  79.3745 108.1247
 -30 -130  80.0131 109.7376
 -30 -120  80.9918 111.5589
 -30 -110  81.7852 113.0578
 -30 -100  82.3840 113.6257
 -30  -90  82.3659 113.5058
 -30  -80  82.1160 112.5126
 -30  -70  81.5766 111.3155
 -30  -60  80.8233 110.1444
 -30  -50  79.9127 108.7612
 -30  -40  79.4075 106.8734
 -20 -170  83.8041 105.9120
 -20 -160  80.0900 106.7495
 -20 -150  79.9425 108.1465
 -20 -140  80.4901 109.8901
 -20 -130  81.6584 111.8233
 -20 -120  82.8995 113.6054
 -20 -110  83.7629 114.3969
 -20 -100  83.9661 114.3422
 -20  -90  83.6878 113.5524
 -20  -80  83.0685 112.1147
 -20  -70  82.2880 110.6813
 -20  -60  81.3113 109.2691
 -20  -50  80.2704 106.7901
 -10 -170  83.6161 106.6270
 -10 -160  81.2610 107.3959
 -10 -150  81.5971 109.2499
 -10 -140  82.8386 111.3957
 -10 -130  83.3700 113.4917
 -10 -120  84.5525 114.6128
 -10 -110  84.9290 115.0734
 -10 -100  84.9336 114.3079
 -10  -90  84.1789 113.0128
 -10  -80  83.2707 111.3356
 -10  -70  82.4459 109.6197
 -10  -60  81.4568 107.5343
 -10  -50  85.0095 102.7244
