   0   50  83.5002 103.1853
   0   60  83.8218 104.2669
   0   70  82.7571 103.1627
   0  120  81.3510 104.9394
   0  180  79.4763 106.4206
   0 -180  79.4763 106.4206
   0 -170  79.6180 108.0946
   0 -160  82.8257 108.6674
   0 -130  84.0752 111.5150
   0 -120  84.6675 111.6115
   0 -110  84.8850 110.5818
   0 -100  83.4133 111.1166
   0  -90  82.0805 110.7512
   0  -80  79.9330 110.0925
   0  -70  85.0187 109.7973
   0  -60  95.3500 108.5338
  10   50  83.0972 104.7267
  10   60  82.7131 103.8763
  10   70  80.2004 101.2836
  10  110  79.1116 103.9340
  10  120  84.6003 106.5810
  10  170  81.4745 104.4457
  10 -170  80.9098 108.9690
  10 -120  82.0197 108.4573
  10 -110  83.4394 111.1237
  10 -100  82.4988 110.6382
  10  -90  81.4442 110.0103
  10  -80  79.5601 109.3517
  10  -70  88.0541 109.5969
  20   40  82.2927 106.6567
  20   50  82.2916 104.8340
  20   60  80.9977 102.9934
  20   70  79.0020 100.0261
  20  100  78.8554 103.8517
  20  110  81.4663 106.3700
  20  170  79.2442 107.4395
  20  180  79.7969 108.9328
  20 -180  79.7969 108.9328
  20 -170  82.7593 109.7270
  20 -120  82.1372 109.1610
  20 -110  81.5141 110.0968
  20 -100  81.3861 109.5107
  20  -90  80.3749 109.2516
  20  -80  83.8105 109.5926
  20  -70  90.0468 108.1231
  30   30  80.8746 105.7907
  30   40  81.3879 106.9801
  30   50  80.9660 104.4547
  30   60  80.0140 102.0017
  30   90  78.2442 104.4741
  30  100  80.4018 106.9131
  30  110  82.7601 108.1651
  30  160  79.9779 106.2907
  30  170  79.6753 108.6508
  30  180  81.0275 109.7268
  30 -180  81.0275 109.7268
  30 -170  84.9116 110.1530
  30 -130  81.1604 107.9238
  30 -120  81.8496 109.7881
  30 -110  80.8728 109.5291
  30 -100  80.1140 109.2144
  30  -90  79.4637 107.9687
  30  -80  83.5420 108.6841
  40   40  80.6532 106.5488
  40   50  79.8543 105.0319
  40   90  80.3154 107.3814
  40  100  81.7908 109.0243
  40  110  83.0979 109.1710
  40  120  87.5735 107.3676
  40  150  80.5676 104.9649
  40  160  79.6781 107.1469
  40  170  80.6329 109.3376
  40 -140  82.1772 107.9866
  40 -130  81.7665 109.7002
  40 -120  81.7702 109.3645
  40 -110  80.9951 109.2504
  40 -100  81.2471 106.4121
  40  -90  82.5570 107.1395
  40  -80  85.2987 106.6987
  50   90  81.8258 109.3282
  50  100  82.4641 109.9504
  50  110  83.0148 109.4080
  50  160  80.7442 108.7495
  50 -140  81.4637 109.5126
  50 -130  81.0806 110.5589
  50 -120  81.9318 109.9601
  50 -110  81.1904 106.3375
  50 -100  80.2235 105.3138
  50  -90  82.1836 106.9682
  50  -80  84.8822 107.1404
  50  -30  80.9021 108.1056
  60   90  82.7931 110.8851
  60  100  82.7588 110.6073
  60 -130  80.5106 110.8516
  60 -110  81.4690 105.6892
  60 -100  81.7824 105.2571
  60  -90  82.7194 107.1354
  60  -80  82.5751 107.4993
  60  -70  86.5165 109.1686
  60  -60  83.2849 104.1132
  60  -50  81.3000 107.8134
  60  -40  81.7021 110.0356
  70   80  82.9281 108.8490
  70   90  83.4111 110.2172
  70 -110  82.0370 105.4158
  70 -100  81.9518 107.0534
  70  -90  82.8067 106.9783
  70  -80  82.8365 107.0549
  70  -70  82.2487 108.2156
  70  -60  82.2059 108.7927
  70  -50  83.0758 109.7979
  80   80  82.6052 109.1324
  80 -110  82.5862 105.9927
  80 -100  82.3591 107.7805
  80  -90  82.9805 107.4172
  80  -80  83.8834 106.9315
  80  -70  82.5632 106.3640
  80  -60  85.7524 107.6034
  80  -50  83.5519 108.9551
  90 -120  83.9440 106.2519
  90 -110  83.0565 106.7757
  90 -100  83.0458 107.8599
  90  -90  83.8767 106.9952
  90  -80  84.9798 106.2486
  90  -70  86.4683 106.7228
  90  -60  84.0714 106.7722
 100 -120  83.8440 107.7394
 100 -110  83.2643 107.6450
 100 -100  84.2150 106.9117
 100  -90  84.9202 106.5148
 100  -80  86.5048 106.1884
 100  -70  84.4669 106.1516
 110 -130  82.7120 108.0465
 110 -120  83.5528 107.6679
 110 -110  84.0314 106.8589
 110 -100  84.5290 106.3602
 110  -90  86.1093 106.2378
 110  -80  85.8804 106.4657
 120 -140  82.8801 108.8896
 120 -130  85.2960 108.5681
 120 -120  84.6680 108.0136
 120 -110  84.3869 107.1106
 120 -100  84.9066 107.3577
 120  -90  85.2756 106.8949
 130 -140  82.7042 107.6462
 130 -130  84.0760 108.2753
 130 -120  84.3205 108.3889
 130 -110  84.7908 108.2904
 130 -100  85.7759 107.8133
 140 -150  81.5246 106.9935
 140 -140  82.0914 108.4193
 140 -130  83.7196 109.0993
 140 -120  84.6902 108.9535
 140 -110  86.1250 108.2959
 140 -100  86.4981 109.0857
 150 -150  82.3096 105.0818
 150 -140  82.5535 109.6239
 150 -130  84.6093 109.2910
 160 -150  82.2935 106.6048
 160 -140  84.0353 108.9978
 160 -130  85.4795 105.1620
 160 -120  87.5561 107.6519
 160 -110  87.7647 105.5309
 160 -100  86.7550 102.9914
 170 -150  82.9620 107.0813
 170 -140  85.5820 107.4033
 170 -130  87.1959 106.8530
 170 -120  87.0654 105.2334
 170 -110  86.3189 103.5856
 170 -100  85.8276 99.8552
 180 -150  82.8440 106.8240
 180 -140  85.5089 105.7278
 180 -130  84.9691 105.4415
 180 -120  85.3229 103.1141
 180 -110  85.1451 100.5367
 180 -100  84.6251 97.9260
-180 -150  82.8440 106.8240
-180 -140  85.5089 105.7278
-180 -130  84.9691 105.4415
-180 -120  85.3229 103.1141
-180 -110  85.1451 100.5367
-180 -100  84.6251 97.9260
-170 -150  82.7817 104.5307
-170 -140  83.7971 104.2668
-170 -130  82.7765 102.6542
-170 -120  83.6768 101.1123
-170 -110  83.9244 101.0703
-160   10  87.5953 105.5286
-160   20  87.1487 109.7294
-160 -150  82.8622 103.8917
-160 -140  81.1896 102.0779
-160 -130  81.4240 102.2175
-160 -120  82.3741 102.5218
-160 -110  82.3702 102.4817
-150    0  87.5713 112.7642
-150   10  88.4820 112.6342
-150   20  87.7131 110.3578
-150   70  83.5110 111.1018
-150 -160  80.7459 102.7948
-150 -150  80.5142 102.0941
-150 -140  80.4921 101.0502
-150 -130  80.5951 103.2300
-150 -120  79.9973 102.2783
-150 -110  78.7294 101.2364
-140    0  87.8152 112.9506
-140   10  88.2641 110.2702
-140   20  87.0666 109.9957
-140   30  86.7341 115.1017
-140   40  84.6824 114.0277
-140   50  83.1820 112.4123
-140   60  82.7497 111.2681
-140   70  83.0908 110.7274
-140   80  82.4527 110.5861
-140  140  78.7928 107.9915
-140 -170  86.8490 108.1649
-140 -160  81.4564 103.2370
-140 -150  80.4514 101.1413
-140 -140  79.9372 102.2649
-140 -130  79.0787 101.7608
-140 -120  77.8172 102.1648
-140 -110  77.5358 101.5980
-140  -50  83.1060 111.6505
-140  -10  87.3576 113.1966
-130    0  89.0309 112.4773
-130   10  85.7361 110.2413
-130   20  86.0189 112.6231
-130   40  84.1737 113.1931
-130   50  83.6721 111.5112
-130   60  84.8779 110.6538
-130   70  85.0366 109.6688
-130   80  82.9212 108.7650
-130   90  80.7057 109.7999
-130  100  80.2178 107.3870
-130  110  79.9791 107.2100
-130  120  79.1962 107.4749
-130  130  80.2900 107.9153
-130  140  81.8220 108.2035
-130  150  85.3715 109.4138
-130  180  90.8007 106.0961
-130 -180  90.8007 106.0961
-130 -170  84.7123 106.0037
-130 -160  80.6926 102.3679
-130 -150  79.2815 101.9430
-130 -140  78.5726 100.7215
-130 -130  78.0520 100.5889
-130 -120  76.7565 101.6174
-130 -110  75.2864 98.8448
-130 -100  77.1968 98.9066
-130  -80  82.2546 103.0353
-130  -70  82.2125 105.6064
-130  -60  80.1013 109.0474
-130  -50  82.5033 109.6984
-130  -40  84.0080 110.5495
-130  -10  87.0136 113.5263
-120    0  86.8384 114.1332
-120   10  87.2494 113.2194
-120   30  85.5457 113.5545
-120   40  84.9222 111.9131
-120   50  84.0140 110.1411
-120   60  84.6889 109.2350
-120   70  83.4399 108.3121
-120   80  81.3248 108.3486
-120   90  80.5586 107.9415
-120  100  80.9359 108.3017
-120  110  80.1759 106.2017
-120  120  80.7571 106.0377
-120  130  82.1522 107.4437
-120  140  84.0592 108.6618
-120  150  86.2834 109.8271
-120  160  86.6541 110.6990
-120  170  89.5157 107.9239
-120  180  85.9805 106.5684
-120 -180  85.9805 106.5684
-120 -170  80.4427 105.9184
-120 -160  79.1967 102.8524
-120 -150  78.3771 101.0169
-120 -140  77.3773 99.6212
-120 -130  76.5885 99.5132
-120 -120  74.6443 99.9181
-120 -110  74.3617 98.4642
-120 -100  72.0894 99.0885
-120  -90  79.1690 103.0634
-120  -80  80.0554 105.1395
-120  -70  80.4749 107.0331
-120  -60  81.7555 108.9426
-120  -50  81.7715 111.2125
-120  -20  87.9349 113.4338
-120  -10  87.2946 113.4435
-110    0  87.0855 114.4920
-110   10  86.8911 113.9066
-110   20  87.1940 114.7740
-110   30  83.9182 111.4054
-110   40  82.7650 110.9741
-110   50  82.6827 109.9261
-110   60  82.9504 108.9338
-110   70  82.6754 108.3123
-110   80  82.4530 108.1175
-110   90  82.7810 108.8766
-110  100  83.9522 108.7569
-110  110  81.3109 109.1832
-110  120  81.8646 108.2851
-110  130  83.0547 107.6894
-110  140  85.6848 107.7945
-110  150  86.8940 107.6251
-110  160  86.8870 110.0600
-110  170  84.4094 108.5026
-110  180  81.0566 106.5834
-110 -180  81.0566 106.5834
-110 -170  79.9246 106.2988
-110 -160  79.9990 105.9324
-110 -150  78.0034 99.9667
-110 -140  76.8412 98.5745
-110 -130  75.6167 98.0173
-110 -120  74.1214 98.7195
-110 -110  73.8786 98.7574
-110 -100  74.3437 100.6866
-110  -90  76.0172 103.3998
-110  -80  79.5801 105.4824
-110  -70  81.1735 106.9090
-110  -60  81.1749 108.7213
-110  -50  82.2358 110.7576
-110  -30  89.2384 114.0319
-110  -20  88.2180 114.1894
-110  -10  86.5878 114.2499
-100    0  88.1261 114.3872
-100   10  87.1880 112.9181
-100   20  85.4151 111.4762
-100   30  84.6820 110.4117
-100   40  83.3352 110.0989
-100   50  83.3136 108.7943
-100   60  83.4610 108.2948
-100   70  83.6517 107.9613
-100   80  83.7591 108.2230
-100   90  83.7680 109.0619
-100  100  83.2991 108.1537
-100  110  82.6055 108.9592
-100  120  82.5584 108.6952
-100  130  84.2045 109.1826
-100  140  86.5656 110.2615
-100  150  86.2452 111.3105
-100  160  84.9429 110.7850
-100  170  82.5559 109.5025
-100  180  80.4368 106.9392
-100 -180  80.4368 106.9392
-100 -170  80.4124 106.1153
-100 -160  80.6203 105.2686
-100 -150  81.1271 103.7669
-100 -140  76.5895 98.7035
-100 -130  75.0550 98.0295
-100 -120  75.2884 100.0331
-100 -110  74.9757 101.1441
-100 -100  76.0432 102.8056
-100  -90  78.3555 104.5516
-100  -80  79.7525 106.0132
-100  -70  81.5834 107.0560
-100  -60  80.9970 109.2867
-100  -50  84.1439 112.0343
-100  -40  88.1189 113.7383
-100  -30  89.1013 114.5132
-100  -20  87.1882 114.5355
-100  -10  87.3337 114.5575
 -90    0  88.8038 113.5110
 -90   10  86.8139 112.0157
 -90   20  84.7243 109.9180
 -90   30  83.2400 108.4081
 -90   40  83.8347 109.2608
 -90   50  83.8698 108.4808
 -90   60  84.0773 108.3109
 -90   70  84.1406 107.9787
 -90   80  84.1319 108.9442
 -90   90  83.5700 109.0179
 -90  100  83.1175 108.7562
 -90  110  82.8189 108.8523
 -90  120  83.6711 109.5398
 -90  130  85.2280 110.5894
 -90  140  85.8397 111.0760
 -90  150  83.3234 111.7786
 -90  160  82.8575 110.5484
 -90  170  80.6005 108.7059
 -90  180  79.6330 105.6301
 -90 -180  79.6330 105.6301
 -90 -170  80.5014 104.4895
 -90 -160  82.0975 104.1159
 -90 -150  81.5943 104.1997
 -90 -140  77.1636 98.8953
 -90 -130  76.1381 98.4948
 -90 -120  75.7878 99.2168
 -90 -110  76.4643 101.1466
 -90 -100  76.0406 102.4611
 -90  -90  76.1492 104.2594
 -90  -80  80.6690 107.5050
 -90  -70  81.6604 108.6280
 -90  -60  82.4367 109.9160
 -90  -50  86.4597 112.9634
 -90  -40  89.0702 114.1034
 -90  -30  88.0582 114.5457
 -90  -20  87.3155 114.6436
 -90  -10  88.4721 114.4825
 -80    0  88.0658 112.5277
 -80   10  85.5936 110.2006
 -80   20  83.9873 108.8057
 -80   30  83.4336 108.0416
 -80   40  84.3175 107.0533
 -80   50  84.7296 106.4844
 -80   60  85.2686 106.3030
 -80   70  86.2966 106.1719
 -80   80  84.3108 106.9148
 -80   90  81.4229 107.2910
 -80  100  82.6166 109.6139
 -80  110  83.1812 110.0104
 -80  120  84.0080 110.3242
 -80  130  84.5970 110.7597
 -80  140  84.4189 110.8777
 -80  150  83.2632 110.3186
 -80  160  81.1694 109.0749
 -80  170  79.5048 107.7066
 -80  180  80.2650 105.9437
 -80 -180  80.2650 105.9437
 -80 -170  82.5253 104.5920
 -80 -160  83.3888 103.9006
 -80 -150  82.6652 104.4779
 -80 -140  78.2162 100.0003
 -80 -130  76.1666 100.5946
 -80 -120  76.5956 101.5217
 -80 -110  76.8755 101.9685
 -80 -100  77.4335 104.3222
 -80  -90  77.6064 106.0515
 -80  -80  80.8343 108.9303
 -80  -70  81.7190 109.6570
 -80  -60  84.8199 112.1559
 -80  -50  87.8773 113.1999
 -80  -40  88.3728 113.7700
 -80  -30  86.6467 114.0563
 -80  -20  88.3049 114.6337
 -80  -10  87.8140 113.2465
 -70    0  86.2807 110.5690
 -70   10  84.0753 108.1347
 -70   20  84.0032 107.8459
 -70   30  84.1835 107.5960
 -70   40  84.4468 106.3606
 -70   50  85.1188 105.3164
 -70   60  85.7156 105.3329
 -70   70  85.1556 106.0904
 -70   80  83.4080 107.3235
 -70   90  81.3669 107.8886
 -70  100  83.4041 110.4016
 -70  110  83.4211 110.6551
 -70  120  83.5203 110.8437
 -70  130  83.2385 110.6312
 -70  140  82.5297 110.6365
 -70  150  81.1488 110.1443
 -70  160  79.8752 109.2422
 -70  170  80.5830 108.0699
 -70  180  82.6310 106.2869
 -70 -180  82.6310 106.2869
 -70 -170  84.8226 104.6485
 -70 -160  84.7461 104.1113
 -70 -150  83.0254 104.2746
 -70 -140  77.7892 101.6876
 -70 -130  77.0147 102.1541
 -70 -120  77.4232 103.1667
 -70 -110  77.9533 104.0166
 -70 -100  78.3372 105.5540
 -70  -90  78.0576 107.0775
 -70  -80  80.8525 110.2051
 -70  -70  82.2348 110.5146
 -70  -60  86.0813 112.2811
 -70  -50  87.6010 112.9548
 -70  -40  86.4781 113.4790
 -70  -30  84.3801 113.3989
 -70  -20  85.8673 112.7440
 -70  -10  89.6669 112.1998
 -60    0  82.7439 106.8100
 -60   10  82.9297 105.5795
 -60   20  83.9401 106.6985
 -60   30  84.4518 105.8921
 -60   40  84.3295 104.6970
 -60   50  84.5584 104.2429
 -60   60  84.6772 104.7274
 -60   70  84.2976 105.8446
 -60   80  83.0868 107.0965
 -60   90  82.2177 107.0857
 -60  100  83.4778 110.6414
 -60  110  83.0633 110.6985
 -60  120  82.3770 110.3037
 -60  130  81.5021 110.4464
 -60  140  80.9878 110.0504
 -60  150  80.9805 109.8562
 -60  160  82.0936 109.1456
 -60  170  83.1770 107.9008
 -60  180  85.0444 105.8419
 -60 -180  85.0444 105.8419
 -60 -170  86.4974 104.5274
 -60 -160  82.9909 105.7106
 -60 -150  81.7428 105.9918
 -60 -140  78.2941 103.1104
 -60 -130  78.5806 104.3830
 -60 -120  78.8635 105.4545
 -60 -110  78.3180 105.6618
 -60 -100  79.0739 106.9467
 -60  -90  79.7746 110.5007
 -60  -80  81.1810 111.0628
 -60  -70  84.2016 112.0120
 -60  -60  86.0615 112.2130
 -60  -50  86.0246 113.1132
 -60  -40  84.0053 112.8141
 -60  -30  84.3252 112.3681
 -60  -20  88.5358 111.6910
 -60  -10  93.7139 112.9954
 -50   10  82.0811 103.5444
 -50   20  83.2999 105.2548
 -50   30  83.7979 102.9361
 -50   40  84.3025 101.5489
 -50   50  84.0397 102.0459
 -50   60  83.8846 102.6789
 -50   70  84.4306 104.4264
 -50   80  84.2678 105.6814
 -50   90  82.0150 106.6556
 -50  100  83.4499 109.9663
 -50  110  82.3907 109.3180
 -50  120  81.0128 108.8929
 -50  130  80.3187 108.8380
 -50  140  81.1899 109.3148
 -50  150  82.8932 109.4261
 -50  160  84.3980 108.8553
 -50  170  84.8960 106.8889
 -50  180  87.2793 104.8118
 -50 -180  87.2793 104.8118
 -50 -170  86.9130 104.2945
 -50 -160  82.9730 106.4682
 -50 -150  81.5461 106.8417
 -50 -140  79.5682 105.3430
 -50 -130  80.1923 106.6184
 -50 -120  79.4074 106.5538
 -50 -110  78.1722 106.1944
 -50 -100  79.5259 108.0180
 -50  -90  79.9989 111.3074
 -50  -80  81.7096 111.5075
 -50  -70  84.1862 111.9329
 -50  -60  84.8930 112.5607
 -50  -50  83.6629 112.4077
 -50  -40  82.7789 112.0265
 -50  -30  86.6490 111.6340
 -40   20  81.8515 102.6598
 -40   30  84.3775 100.4579
 -40   60  83.8575 101.6385
 -40   70  84.4871 104.0878
 -40   80  84.1936 105.5768
 -40   90  81.7748 106.0267
 -40  100  82.7222 108.7517
 -40  110  80.7490 107.5188
 -40  120  79.0129 106.7703
 -40  130  79.7513 107.4163
 -40  140  82.1563 108.6062
 -40  150  85.2199 108.9708
 -40  160  86.4329 107.7156
 -40  180  88.6426 103.5870
 -40 -180  88.6426 103.5870
 -40 -170  87.5667 104.5251
 -40 -160  84.0470 105.6547
 -40 -150  80.2797 108.0362
 -40 -140  80.4441 107.4007
 -40 -130  80.6636 107.7977
 -40 -120  81.0634 108.4627
 -40 -110  81.7634 109.0085
 -40 -100  79.7392 108.8262
 -40  -90  80.4589 111.7745
 -40  -80  81.9215 111.9799
 -40  -70  83.5005 112.1734
 -40  -60  83.2001 111.6864
 -40  -50  82.8095 111.3140
 -40  -40  85.1919 111.1572
 -30   60  83.9288 101.5612
 -30   70  84.4972 104.4131
 -30   80  84.0225 105.3971
 -30   90  81.2206 104.8007
 -30  100  81.0763 106.6634
 -30  120  77.5886 104.7680
 -30  130  80.0119 106.4966
 -30  140  84.1783 108.0451
 -30  150  88.6523 108.0057
 -30 -170  86.0486 104.8959
 -30 -160  81.0619 107.7715
 -30 -150  80.6958 107.4434
 -30 -140  81.1230 108.3884
 -30 -130  81.4390 109.4759
 -30 -120  82.3492 110.0906
 -30 -110  82.8234 110.3359
 -30 -100  80.5468 109.6166
 -30  -90  81.2479 112.0674
 -30  -80  82.3585 111.9651
 -30  -70  82.2313 111.6877
 -30  -60  81.9382 110.9813
 -30  -50  84.1292 110.5079
 -20   60  84.1996 102.5383
 -20   70  84.7980 104.4120
 -20   80  83.5533 104.3984
 -20   90  79.5646 102.5457
 -20  130  81.5441 106.0872
 -20  140  87.9219 107.4503
 -20 -170  80.6203 106.4496
 -20 -160  80.0887 108.2094
 -20 -150  81.3512 108.3207
 -20 -140  81.3180 109.9826
 -20 -130  82.4139 110.7599
 -20 -120  83.2185 111.2558
 -20 -110  83.7595 111.1534
 -20 -100  82.7036 110.3404
 -20  -90  82.0532 111.0161
 -20  -80  81.7999 111.8825
 -20  -70  81.4092 110.9484
 -20  -60  82.9052 110.0731
 -20  -50  89.7381 109.8883
 -10   60  84.5848 103.4594
 -10   70  84.3698 104.1590
 -10   80  81.9922 102.8697
 -10  120  78.6952 103.7266
 -10  130  84.7326 106.3588
 -10  180  81.5417 103.7548
 -10 -180  81.5417 103.7548
 -10 -170  79.1065 107.4193
 -10 -160  80.8203 108.1734
 -10 -150  83.4529 107.1371
 -10 -140  82.3658 110.7194
 -10 -130  83.1356 111.4436
 -10 -120  84.9783 111.7014
 -10 -110  84.6132 109.7212
 -10 -100  83.7422 111.0044
 -10  -90  82.2724 111.2343
 -10  -80  80.5226 110.9691
 -10  -70  82.3285 110.2043
 -10  -60  87.5275 109.5645
