   0   60  82.8928 101.7692
   0   70  81.5162 105.7133
   0   80  82.1055 108.4216
   0   90  83.2665 110.2642
   0  100  84.4183 111.5720
   0  110  85.2947 112.4061
   0  120  85.8312 112.6305
   0  130  85.3829 111.6732
   0  140  84.2657 110.8231
   0  150  82.7810 108.8592
   0  160  82.0605 106.5352
   0  170  77.6268 104.0590
   0  180  80.1771 104.1408
   0 -180  80.1771 104.1408
   0  -70  79.0699 101.3432
   0  -60  80.5043 102.0212
   0  -50  79.8120 100.4329
  10   50  85.4003 98.8095
  10   60  81.8860 104.5479
  10   70  82.0204 108.0174
  10   80  82.9117 109.9969
  10   90  83.8916 111.2831
  10  100  84.6743 112.1872
  10  110  85.1457 112.6875
  10  120  85.2152 111.9637
  10  130  84.1533 111.2966
  10  140  83.2163 109.5953
  10  150  82.3058 107.3286
  10  160  79.9516 105.1727
  10  170  79.3278 104.3128
  10  -70  79.3366 102.3170
  10  -60  79.2213 100.9436
  20   50  81.8963 103.8617
  20   60  81.8974 107.3808
  20   70  82.0371 110.0269
  20   80  82.5623 111.3375
  20   90  83.2596 112.2952
  20  100  83.9151 112.6273
  20  110  84.4132 112.0578
  20  120  83.7418 111.0543
  20  130  82.8412 110.1355
  20  140  82.8613 108.2458
  20  150  80.6691 106.3673
  20  160  79.1226 102.9229
  20  170  82.9007 104.5597
  20  -80  79.1537 101.4413
  20  -70  78.3155 101.6163
  20  -60  76.8061 98.7439
  30   40  81.9311 102.0900
  30   50  81.3912 106.1472
  30   60  81.3848 109.2225
  30   70  81.7582 110.7067
  30   80  82.0940 111.7726
  30   90  82.6793 112.1738
  30  100  83.0215 111.9542
  30  110  83.0666 110.6528
  30  120  82.1558 110.0098
  30  130  81.5426 108.7672
  30  140  80.6715 107.1746
  30  150  79.9868 104.8344
  30  160  80.4633 105.0707
  30  170  85.9144 105.1618
  30  -80  78.4867 100.8799
  30  -70  76.5805 100.1402
  30  -10  78.6314 99.4140
  40   50  80.1972 107.6231
  40   90  83.7200 112.1358
  40  100  82.2074 111.3478
  40  110  81.7037 109.1876
  40  120  80.8061 108.8203
  40  130  80.8227 107.8896
  40  140  80.1712 106.2319
  40  150  80.1934 103.3823
  40  160  81.5746 105.4443
  40  -80  77.8434 100.4669
  40  -20  77.8862 99.8613
  40  -10  76.9492 101.4080
  50  100  81.1852 109.2503
  50  110  80.3377 108.4622
  50  120  79.9051 107.9689
  50  130  80.2462 107.3023
  50  140  80.0375 105.9299
  50  150  80.3359 106.4177
  50  160  81.2088 106.0446
  50  170  83.1294 106.0972
  50  -30  78.7683 100.1336
  50  -20  79.0602 101.9060
  60   90  82.1067 111.0640
  60  100  81.9595 108.9186
  60  110  80.9935 108.1407
  60  120  79.8973 107.5124
  60  130  79.8975 106.9003
  60  140  80.7510 105.2361
  60  150  81.0838 106.4636
  60  160  80.5885 106.4050
  60  170  82.5117 106.9328
  60  -30  80.0762 102.5978
  70   90  81.2980 110.1677
  70  100  81.2757 108.9680
  70  110  80.8157 107.9660
  70  120  80.6999 107.2001
  70  130  80.8526 106.7358
  70  140  81.0009 105.0852
  70  150  81.0907 106.8231
  70  160  81.2437 107.2414
  70  170  81.0193 108.1236
  70  180  84.7027 108.0050
  70 -180  84.7027 108.0050
  70  -40  80.5455 102.4309
  70  -30  78.4795 102.6296
  80  100  79.0818 108.2104
  80  110  81.1982 107.1779
  80  120  81.5843 106.4208
  80  130  81.8721 106.7499
  80  140  82.4461 106.1953
  80  150  81.6331 107.5710
  80  160  81.3171 107.3777
  80  170  80.7058 108.9032
  80  180  88.4550 109.1484
  80 -180  88.4550 109.1484
  90  110  81.5019 106.9730
  90  120  82.4454 106.8698
  90  130  82.6707 107.0978
  90  140  82.4510 107.2548
  90  150  83.0749 108.2186
  90  160  82.0190 110.0307
  90  170  84.5251 110.5149
 100  110  84.2020 108.4458
 100  120  83.3839 108.3219
 100  130  82.6220 108.3611
 100  140  83.2118 108.9494
 100  150  82.4596 108.8436
 100  160  83.4683 109.6737
 100  170  83.5565 106.4857
 110  110  84.7695 109.5365
 110  120  83.4550 109.7184
 110  130  83.1091 109.5602
 110  140  82.2167 108.9596
 110  150  82.2950 109.6132
 110  160  83.4821 108.6882
 120  100  85.2494 110.8960
 120  110  83.4723 110.3135
 120  120  82.8071 110.1058
 120  130  82.3429 110.0336
 120  140  82.0141 109.8708
 120  150  82.0357 109.6035
 130  100  83.3818 110.1480
 130  110  82.4798 110.6672
 130  120  81.9149 111.0984
 130  130  82.2472 110.5913
 130  140  82.2002 110.2112
 140   90  84.2327 110.2930
 140  100  82.2141 111.0675
 140  110  82.4399 111.8166
 140  120  82.6835 111.3900
 140  130  82.7969 110.4013
 140  140  86.1487 109.5645
 150   80  79.5981 107.9180
 150   90  82.2287 111.7994
 150  100  82.8045 112.4641
 150  110  83.3536 111.6588
 150  120  83.2907 110.3854
 150  130  84.7976 109.1796
 150  140  87.4785 105.5949
 160   70  79.2998 108.0768
 160   80  81.7241 111.5206
 160   90  82.8576 112.1563
 160  100  83.2747 110.7786
 160  110  83.4844 109.3197
 160  120  83.6210 107.0879
 160  130  88.3172 105.6567
 170   60  78.8585 108.7062
 170   70  80.6429 111.5241
 170   80  82.2959 110.7651
 170   90  83.3106 109.1101
 170  100  83.8186 108.4687
 170  110  84.8775 107.6507
 170  120  87.4806 104.2755
 180   50  78.4141 108.6807
 180   60  81.3320 110.0803
 180   70  81.0251 108.6722
 180   80  82.6863 107.0512
 180   90  83.5825 106.6180
 180  100  84.0352 106.2603
 180  110  84.8158 105.0607
 180  120  84.2423 101.0547
-180   50  78.4141 108.6807
-180   60  81.3320 110.0803
-180   70  81.0251 108.6722
-180   80  82.6863 107.0512
-180   90  83.5825 106.6180
-180  100  84.0352 106.2603
-180  110  84.8158 105.0607
-180  120  84.2423 101.0547
-170   30  75.7698 109.9855
-170   40  78.1070 107.7423
-170   50  80.2455 108.7109
-170   60  81.9079 106.8886
-170   70  82.7939 105.0943
-170   80  82.7832 104.9685
-170   90  83.0872 104.4774
-170  100  82.9329 103.7423
-170  110  81.7834 102.3309
-170  120  81.2315 98.6206
-170  130  79.2765 96.8794
-160   20  75.8995 109.3184
-160   30  77.7464 106.3052
-160   40  79.4643 107.1218
-160   50  81.3662 104.7526
-160   60  83.4873 103.3071
-160   70  83.2065 103.3528
-160   80  82.4836 103.3116
-160   90  82.0696 102.6386
-160  100  81.1924 102.1215
-160  110  79.8417 101.5554
-160  120  78.2681 98.9300
-160 -100  85.0270 105.6503
-150   10  76.9894 108.5739
-150   20  76.0602 106.5420
-150   30  77.3393 104.0392
-150   40  80.0916 100.6116
-150   50  83.0879 98.1648
-150   60  84.0058 96.7959
-150   70  82.1217 98.3818
-150   80  81.6283 102.1646
-150   90  80.3977 101.7345
-150  100  78.9258 101.5134
-150  110  77.0946 101.5026
-150  120  74.5819 101.6975
-150 -120  81.3207 106.3934
-150 -110  83.9671 104.9233
-150 -100  84.1987 104.6919
-150  -90  83.3491 103.8196
-140    0  78.4659 111.5041
-140   10  77.6270 107.7682
-140   20  77.6067 105.7027
-140   30  78.9832 103.6657
-140   40  81.7856 102.4850
-140   50  83.6936 101.4087
-140   60  83.2946 100.2614
-140   70  80.9538 99.9554
-140   80  80.3034 101.7981
-140   90  78.4311 101.2243
-140  100  76.5084 100.7833
-140  110  74.8121 100.5233
-140  120  73.7505 101.4092
-140 -130  79.9898 103.9572
-140 -120  81.7634 103.3430
-140 -110  82.8418 104.5210
-140 -100  83.0090 105.6683
-140  -90  83.0796 104.8033
-140  -80  83.5279 103.9622
-140  -40  84.8169 102.5294
-130    0  78.6101 107.3777
-130   10  78.5424 105.6929
-130   20  78.5726 103.8418
-130   30  80.8037 103.0220
-130   40  82.9716 103.2275
-130   50  83.5608 102.7357
-130   60  82.1073 102.0043
-130   70  79.6285 101.6489
-130   80  78.6315 101.2724
-130   90  76.5444 100.1410
-130  100  74.6825 99.1579
-130  110  73.2125 98.7013
-130  120  72.5203 98.5862
-130  130  71.0735 95.0368
-130  180  72.2145 108.5493
-130 -180  72.2145 108.5493
-130 -170  82.4576 102.6452
-130 -140  78.2102 103.4988
-130 -130  79.6754 102.9823
-130 -120  80.8267 103.5287
-130 -110  82.1127 105.3498
-130 -100  83.0844 106.2844
-130  -90  83.5901 105.4958
-130  -80  84.3081 105.3035
-130  -70  84.9139 104.7022
-130  -60  83.4336 103.9096
-130  -50  82.7758 103.2686
-130  -40  80.4491 103.2930
-130  -30  77.3723 102.3570
-130  -20  77.7162 114.4207
-130  -10  79.1047 109.8266
-120    0  79.1825 105.5325
-120   10  78.8377 104.1203
-120   20  79.9883 103.2947
-120   30  82.3276 103.8218
-120   40  83.3703 103.9601
-120   50  82.6738 103.5677
-120   60  80.2410 103.0617
-120   70  78.5592 101.7717
-120   80  76.3719 100.2482
-120   90  74.9267 98.1565
-120  100  73.8830 97.5486
-120  110  72.6754 96.7943
-120  120  72.8421 97.0955
-120  130  72.7567 95.5673
-120  140  75.7400 96.1790
-120  150  67.5207 95.7879
-120  160  73.2625 98.5392
-120  170  76.1244 103.2384
-120  180  79.0544 106.6280
-120 -180  79.0544 106.6280
-120 -170  79.2278 101.7644
-120 -160  75.1171 101.3385
-120 -150  76.8041 102.4419
-120 -140  77.4817 102.8541
-120 -130  77.7623 102.9194
-120 -120  80.8390 104.4174
-120 -110  82.4942 105.6631
-120 -100  83.5230 106.3334
-120  -90  83.8540 106.3160
-120  -80  82.8967 105.8008
-120  -70  82.6379 104.8551
-120  -60  82.6837 103.1288
-120  -50  81.7464 102.9599
-120  -40  79.4270 104.8783
-120  -30  79.0889 106.4215
-120  -20  79.6393 106.8763
-120  -10  80.2925 106.4542
-110    0  79.4562 104.3897
-110   10  79.8116 103.8829
-110   20  81.7515 103.8181
-110   30  83.2808 104.2275
-110   40  82.9772 104.5047
-110   50  80.9998 103.9391
-110   60  79.0798 102.8582
-110   70  77.3344 100.9776
-110   80  75.2137 98.9236
-110   90  73.3974 96.9505
-110  100  72.6532 95.4745
-110  110  72.3945 95.3820
-110  120  72.9166 96.0864
-110  130  70.7908 94.0154
-110  140  69.3883 95.3252
-110  150  71.5325 97.1124
-110  160  74.3187 100.4060
-110  170  77.5286 103.9237
-110  180  80.7606 101.9686
-110 -180  80.7606 101.9686
-110 -170  77.8830 101.7687
-110 -160  75.1553 101.2073
-110 -150  76.0671 102.7487
-110 -140  77.5307 102.8748
-110 -130  78.2065 103.9298
-110 -120  80.2696 105.3054
-110 -110  81.8020 105.9885
-110 -100  82.3419 106.4426
-110  -90  82.3033 105.9195
-110  -80  81.6075 105.0110
-110  -70  81.2597 104.0104
-110  -60  81.0042 103.5720
-110  -50  80.9231 103.9200
-110  -40  80.6215 104.6522
-110  -30  81.0471 106.0294
-110  -20  81.1742 106.1001
-110  -10  80.7419 105.7755
-100    0  79.9482 104.2624
-100   10  81.2156 104.2789
-100   20  82.8030 104.5187
-100   30  83.2633 104.6359
-100   40  81.9877 104.4224
-100   50  79.8127 103.6202
-100   60  77.7305 101.7314
-100   70  75.8466 99.4858
-100   80  74.0114 97.5967
-100   90  72.6849 96.1471
-100  100  71.6938 95.1683
-100  110  71.2789 94.6286
-100  120  71.5459 95.0183
-100  130  70.0757 94.7140
-100  140  72.4201 97.2047
-100  150  75.5451 99.4585
-100  160  77.2067 102.8650
-100  170  79.9398 106.2805
-100  180  80.0878 102.4725
-100 -180  80.0878 102.4725
-100 -170  77.7415 102.0602
-100 -160  76.7019 103.0721
-100 -150  76.2042 102.6346
-100 -140  77.6017 103.3223
-100 -130  79.1822 104.8359
-100 -120  81.1328 105.5123
-100 -110  82.6097 105.6828
-100 -100  82.3512 105.6495
-100  -90  81.4705 105.0671
-100  -80  80.9591 104.3877
-100  -70  80.9814 103.7520
-100  -60  81.3097 103.7458
-100  -50  81.7672 103.9832
-100  -40  82.1117 105.0391
-100  -30  82.2206 105.5110
-100  -20  81.5927 105.5957
-100  -10  80.3762 104.9031
 -90    0  80.6152 104.4768
 -90   10  82.2590 104.7372
 -90   20  82.9495 104.9244
 -90   30  82.4258 104.8453
 -90   40  80.7799 104.1366
 -90   50  79.1666 103.1008
 -90   60  77.3974 101.3565
 -90   70  75.7351 99.4960
 -90   80  74.3094 97.5776
 -90   90  73.0684 95.0468
 -90  100  72.5077 94.9213
 -90  110  72.3234 95.6833
 -90  120  72.4242 96.5851
 -90  130  73.1077 97.4772
 -90  140  75.3532 99.3101
 -90  150  77.5664 101.5728
 -90  160  79.5678 104.9733
 -90  170  81.1637 107.5850
 -90  180  77.4666 102.7868
 -90 -180  77.4666 102.7868
 -90 -170  78.1964 102.6949
 -90 -160  75.9273 103.1270
 -90 -150  79.0943 103.1199
 -90 -140  78.4221 104.3166
 -90 -130  79.9690 105.4126
 -90 -120  82.5742 105.9567
 -90 -110  81.6254 106.2013
 -90 -100  81.5994 105.2507
 -90  -90  80.8100 104.8798
 -90  -80  80.9569 104.0908
 -90  -70  81.5853 103.8245
 -90  -60  82.1949 103.5698
 -90  -50  82.6082 104.0457
 -90  -40  82.6727 104.7327
 -90  -30  82.3017 105.1722
 -90  -20  81.4148 105.1756
 -90  -10  80.5845 104.7273
 -80    0  81.2350 104.7927
 -80   10  82.6207 105.0202
 -80   20  82.3389 105.0215
 -80   30  81.1519 104.6770
 -80   40  79.7438 103.9980
 -80   50  78.7137 102.7688
 -80   60  77.6526 101.1925
 -80   70  76.8127 99.4154
 -80   80  75.9704 97.5531
 -80   90  75.0671 96.4582
 -80  100  74.4120 96.5222
 -80  110  74.2209 97.5180
 -80  120  74.3376 98.7085
 -80  130  75.5568 100.0514
 -80  140  77.6389 101.9247
 -80  150  79.4594 104.2528
 -80  160  81.1298 107.4423
 -80  170  80.5211 104.2605
 -80  180  79.5750 103.9227
 -80 -180  79.5750 103.9227
 -80 -170  77.1367 104.1986
 -80 -160  78.0261 103.8623
 -80 -150  77.9925 104.3142
 -80 -140  79.6527 105.3713
 -80 -130  83.7867 105.1884
 -80 -120  81.0805 105.8784
 -80 -110  81.0771 105.7634
 -80 -100  81.8090 105.2631
 -80  -90  80.5224 104.9440
 -80  -80  81.5596 104.0564
 -80  -70  82.3559 103.7729
 -80  -60  82.9279 103.4526
 -80  -50  83.1279 103.8188
 -80  -40  82.8745 104.4154
 -80  -30  82.1566 104.9029
 -80  -20  81.3288 104.8432
 -80  -10  81.0070 104.8155
 -70    0  81.2717 104.9339
 -70   10  82.0993 104.7745
 -70   20  81.1110 104.5638
 -70   30  79.5623 104.2002
 -70   40  79.2607 103.4647
 -70   50  78.8022 102.3720
 -70   60  78.0727 101.2929
 -70   70  77.7534 99.6140
 -70   80  77.0577 98.4705
 -70   90  77.2481 97.6751
 -70  100  76.4258 98.6052
 -70  110  76.1722 99.9330
 -70  120  76.4532 101.3273
 -70  130  77.7895 102.8380
 -70  140  79.5737 104.5648
 -70  150  81.0166 106.5175
 -70  160  82.3811 109.1814
 -70  170  81.8849 105.6846
 -70  180  79.1992 105.5919
 -70 -180  79.1992 105.5919
 -70 -170  79.3513 105.9308
 -70 -160  80.8553 105.4795
 -70 -150  75.5473 105.7965
 -70 -140  81.1160 105.4243
 -70 -130  81.5126 106.5716
 -70 -120  79.3805 106.0714
 -70 -110  80.5371 104.5830
 -70 -100  82.9078 104.9768
 -70  -90  81.6334 105.0174
 -70  -80  82.4547 104.0151
 -70  -70  82.9980 103.0568
 -70  -60  83.0889 102.9264
 -70  -50  82.8491 103.2629
 -70  -40  82.5499 104.0377
 -70  -30  81.9556 104.3579
 -70  -20  81.5760 104.8182
 -70  -10  81.5014 104.8580
 -60    0  80.8631 104.2827
 -60   10  80.7895 103.7932
 -60   20  78.6566 103.3041
 -60   30  78.7704 103.0958
 -60   40  79.1098 102.7520
 -60   50  79.2327 102.2713
 -60   60  80.1414 101.0314
 -60   70  80.1900 99.6736
 -60   80  79.3289 99.4927
 -60   90  79.1381 99.4308
 -60  100  78.2334 100.9669
 -60  110  77.9790 102.5294
 -60  120  78.4203 103.9113
 -60  130  79.6835 105.4530
 -60  140  81.1539 106.8904
 -60  150  82.2711 108.4148
 -60  160  82.8213 109.2157
 -60  170  80.8781 106.9373
 -60  180  80.5477 107.3377
 -60 -180  80.5477 107.3377
 -60 -170  79.5011 106.6016
 -60 -160  77.2693 105.9397
 -60 -150  81.3657 105.4893
 -60 -140  80.8287 105.6708
 -60 -130  83.3311 106.7965
 -60 -110  80.7625 104.0353
 -60 -100  80.8826 103.7366
 -60  -90  83.4393 104.3807
 -60  -80  83.1718 102.8791
 -60  -70  82.7855 101.9158
 -60  -60  82.3971 101.9508
 -60  -50  82.1553 102.6022
 -60  -40  82.0149 103.4465
 -60  -30  81.8932 104.4660
 -60  -20  81.9684 104.6473
 -60  -10  81.7958 104.5654
 -50    0  80.4603 102.5520
 -50   20  77.1914 101.1560
 -50   30  78.1608 101.5927
 -50   40  79.2641 102.2255
 -50   50  82.0279 101.8258
 -50   60  83.7229 100.3335
 -50   70  82.5112 100.0526
 -50   80  81.0150 100.8827
 -50   90  80.3007 101.4139
 -50  100  79.5067 103.3556
 -50  110  79.4709 104.9575
 -50  120  80.1272 106.4423
 -50  130  81.2876 107.6845
 -50  140  82.4585 108.7834
 -50  150  83.1911 109.5219
 -50  160  83.0765 109.3533
 -50  170  82.8489 109.3926
 -50  180  79.6983 107.7943
 -50 -180  79.6983 107.7943
 -50 -170  80.3083 106.8105
 -50 -160  74.7030 106.0689
 -50 -150  79.4541 105.3602
 -50 -140  81.7752 105.7248
 -50 -110  79.8962 102.6447
 -50 -100  80.3799 102.2945
 -50  -90  84.0116 102.4516
 -50  -80  82.5970 100.6790
 -50  -70  81.4732 99.9634
 -50  -60  80.9608 100.4589
 -50  -50  81.1815 101.8411
 -50  -40  81.6838 103.4715
 -50  -30  82.1104 104.2414
 -50  -20  82.2232 104.2098
 -50  -10  81.3897 103.8152
 -40   30  77.9789 100.5552
 -40   40  83.0182 101.7612
 -40   70  83.4658 101.1995
 -40   80  81.6680 102.5764
 -40   90  80.7461 103.4756
 -40  100  80.3808 105.4587
 -40  110  80.7858 107.0847
 -40  120  81.6588 108.4593
 -40  130  82.6833 109.4803
 -40  140  83.5467 110.0877
 -40  150  83.7536 109.9930
 -40  160  83.2733 109.8692
 -40  170  82.1906 109.1511
 -40  180  83.0506 107.7951
 -40 -180  83.0506 107.7951
 -40 -170  77.4428 106.4196
 -40 -160  78.0549 105.6137
 -40 -150  79.8106 104.9499
 -40 -100  80.1787 99.8102
 -40  -90  82.2896 99.0595
 -40  -60  79.3474 99.2820
 -40  -50  80.6745 101.7589
 -40  -40  81.8745 103.2474
 -40  -30  82.2994 103.9083
 -40  -20  81.8553 103.2065
 -30   30  82.2768 99.9712
 -30   70  83.2390 102.3927
 -30   80  81.4994 104.1973
 -30   90  80.9281 105.6907
 -30  100  81.2048 107.5409
 -30  110  82.1279 109.0355
 -30  120  83.1280 110.1775
 -30  130  84.0086 110.7823
 -30  140  84.4026 110.8911
 -30  150  84.0027 110.4101
 -30  160  83.2451 109.8654
 -30  170  80.7988 108.7379
 -30  180  80.7742 106.9117
 -30 -180  80.7742 106.9117
 -30 -170  73.1026 104.9290
 -30 -160  77.0319 104.8464
 -30  -60  78.8837 99.3306
 -30  -50  80.9423 101.7389
 -30  -40  82.0520 103.2718
 -30  -30  82.0431 102.8338
 -20   70  82.3817 102.8299
 -20   80  81.1672 104.9635
 -20   90  81.3930 107.3596
 -20  100  82.3217 109.1111
 -20  110  83.4921 110.5015
 -20  120  84.4685 111.4988
 -20  130  85.0213 111.7072
 -20  140  84.8916 111.2987
 -20  150  84.1809 110.6427
 -20  160  82.5738 109.4347
 -20  170  82.9695 107.2991
 -20  180  77.3089 105.5232
 -20 -180  77.3089 105.5232
 -20 -170  75.9085 104.6305
 -20  -60  79.4865 100.2878
 -20  -50  81.3591 102.4436
 -20  -40  81.8352 102.3452
 -10   70  81.5731 104.1937
 -10   80  81.3756 106.7448
 -10   90  82.2647 108.9314
 -10  100  83.5277 110.5084
 -10  110  84.6463 111.8039
 -10  120  85.4431 112.3213
 -10  130  86.1840 112.0030
 -10  140  84.8360 111.4897
 -10  150  83.7375 110.2198
 -10  160  83.8010 107.7318
 -10  170  80.5724 105.9513
 -10  180  73.3717 102.9342
 -10 -180  73.3717 102.9342
 -10  -60  80.3139 101.7269
 -10  -50  81.3259 102.0661
