   0   70  82.5541 105.2051
   0   80  82.7768 108.1337
   0   90  83.8168 110.2595
   0  100  84.7362 112.2644
   0  110  86.0648 112.3411
   0  120  86.5775 111.9740
   0  130  86.0518 111.2028
   0  140  84.7851 109.6172
   0  150  83.0368 107.2819
   0  160  81.2645 105.2798
   0  170  78.8939 103.5940
   0  180  90.7483 103.9208
   0 -180  90.7483 103.9208
   0  -60  81.7208 104.3549
   0  -50  80.7703 101.8767
  10   60  82.6621 104.6991
  10   70  82.5770 107.4784
  10   80  82.6327 110.2888
  10   90  83.8904 112.0234
  10  100  85.1276 112.7971
  10  110  85.7892 112.8001
  10  120  86.0396 111.4257
  10  130  85.0083 110.0186
  10  140  83.5745 108.0415
  10  150  82.2133 105.7147
  10  160  80.7564 103.8201
  10  170  87.8346 103.4511
  10  -70  81.1298 104.6370
  10  -60  80.2551 104.0514
  20   60  82.7005 107.8298
  20   70  81.9021 110.0058
  20  110  85.5185 113.0276
  20  120  85.0552 110.0154
  20  130  83.6471 108.9345
  20  140  82.5169 106.6073
  20  150  81.6168 104.5522
  20  160  80.6352 102.7742
  20  170  89.6868 102.9781
  20  -70  80.5727 103.6613
  20  -60  77.4710 100.4009
  30  120  83.7873 108.9108
  30  130  82.7570 107.3650
  30  140  81.9694 105.6687
  30  150  81.5971 104.0453
  30  160  85.2888 103.3745
  40  120  83.2087 107.2690
  40  130  82.4830 106.8471
  40  140  82.4832 105.7997
  40  150  82.6160 104.3353
  40  160  85.3059 103.7016
  50  110  83.8141 106.1668
  50  120  83.5888 106.0677
  50  130  83.4874 107.3186
  50  140  83.9636 107.2470
  50  150  84.2883 106.4766
  50  160  84.9011 105.1752
  50  -20  81.0155 100.5372
  60  110  85.0545 104.8779
  60  120  84.7810 108.4518
  60  130  85.0397 108.6095
  60  140  84.9462 109.9590
  60  150  85.1425 108.3809
  60  160  86.3757 106.2549
  60 -170  79.7983 98.8373
  70  100  85.6733 105.0832
  70  110  86.1141 107.6729
  70  120  86.0741 110.2700
  70  170  84.6750 99.0037
  70  180  81.1099 95.2480
  70 -180  81.1099 95.2480
  80   90  86.0375 104.1697
  80  100  86.8253 108.5014
  80  170  81.8394 94.2807
  90  160  82.1336 93.3771
 100  140  82.2414 95.3824
 100  150  81.4140 91.9824
 110  120  81.4663 100.9276
 110  130  81.0046 96.9216
 110  140  81.1646 93.0562
 120   90  81.3110 108.4601
 120  100  81.3542 105.2516
 120  110  81.1180 101.6763
 120  120  80.5618 98.5620
 120  130  80.3022 95.5471
 120  140  81.1577 94.7054
 130   80  80.6744 107.7797
 130   90  80.9534 105.1318
 130  100  80.6650 102.7055
 130  110  80.3821 101.0570
 130  120  80.0607 99.3099
 130  130  80.4814 97.7969
 140   70  79.9786 107.8485
 140   80  80.4008 105.5579
 140   90  80.2657 104.0692
 140  100  80.0876 103.0658
 140  110  79.9500 102.0422
 140  120  80.1504 99.5281
 150   60  79.2038 107.6687
 150   70  79.8627 105.8039
 150   80  79.9196 104.7200
 150   90  79.8155 104.1840
 150  100  79.6899 103.9445
 150  110  79.7276 103.2566
 150  120  80.2421 101.8231
 160   50  78.6780 108.3900
 160   60  79.2042 106.6081
 160   70  79.4043 105.5744
 160   80  79.4858 104.8906
 160   90  79.4483 104.7316
 160  100  79.3222 104.6617
 160  110  79.4581 104.4957
 160  120  79.7840 104.5067
 160  130  80.3933 103.7344
 170   40  76.5560 109.7118
 170   50  78.8165 107.0226
 170   60  79.1623 106.2920
 170   70  79.2191 105.6566
 170   80  79.3535 105.3784
 170   90  79.1803 105.2425
 170  100  79.0274 105.0632
 170  110  79.0858 104.8970
 170  120  79.4192 105.0610
 170  130  79.3921 104.5036
 170  140  79.3402 102.8260
 170  150  80.6678 106.3202
 170  -90  83.1042 104.2107
 170  -80  82.8615 103.9411
 180   30  76.2262 109.2645
 180   40  78.4979 106.7533
 180   50  79.6523 106.9637
 180   60  81.1220 106.6615
 180   70  81.5132 106.3861
 180   80  79.2735 105.9272
 180   90  78.8645 105.6611
 180  100  78.8532 105.6421
 180  110  78.7675 104.9092
 180  120  78.7152 105.5874
 180  130  78.1427 105.2184
 180  140  77.8087 106.1350
 180  150  78.3742 105.4614
 180 -100  83.5085 105.5054
 180  -90  83.1371 105.3244
 180  -80  82.9796 104.5749
-180   30  76.2262 109.2645
-180   40  78.4979 106.7533
-180   50  79.6523 106.9637
-180   60  81.1220 106.6615
-180   70  81.5132 106.3861
-180   80  79.2735 105.9272
-180   90  78.8645 105.6611
-180  100  78.8532 105.6421
-180  110  78.7675 104.9092
-180  120  78.7152 105.5874
-180  130  78.1427 105.2184
-180  140  77.8087 106.1350
-180  150  78.3742 105.4614
-180 -100  83.5085 105.5054
-180  -90  83.1371 105.3244
-180  -80  82.9796 104.5749
-170   20  77.3877 106.2924
-170   30  78.1238 106.1069
-170   40  78.9012 106.6931
-170   50  81.0528 106.8975
-170   60  82.1634 106.8821
-170   70  81.8907 106.7869
-170   80  79.2938 106.3151
-170   90  78.8108 105.7944
-170  100  78.5651 105.2653
-170  110  77.9406 104.4093
-170  120  77.6850 105.1750
-170  130  77.0652 104.3574
-170  140  76.9443 103.9602
-170 -160  78.1904 106.1192
-170 -110  85.2416 108.4792
-170 -100  83.5762 105.8759
-170  -90  83.3926 105.7060
-170  -80  83.3470 104.9959
-170  -30  79.0889 104.6329
-160   10  78.2893 105.6067
-160   20  78.1234 105.2245
-160   30  78.8676 105.6589
-160   40  80.5179 106.4343
-160   50  82.6174 107.0142
-160   60  83.1494 107.1406
-160   70  82.2079 106.9575
-160   80  79.6014 106.2608
-160   90  78.5109 105.1276
-160  100  77.4183 104.0335
-160  110  76.8450 103.1925
-160  120  76.3201 102.2353
-160  130  75.8253 102.5435
-160  140  75.7447 101.8000
-160  150  76.5667 101.2210
-160 -170  79.8531 104.6312
-160 -160  79.1769 105.7982
-160 -150  80.9373 106.7870
-160 -140  84.7823 108.2486
-160 -130  87.4241 107.9862
-160 -120  86.9790 108.5841
-160 -110  85.2324 108.7332
-160 -100  83.6701 106.4082
-160  -90  83.8819 106.1621
-160  -80  84.0066 105.3203
-160  -70  83.6787 104.2841
-160  -50  82.2326 103.6470
-160  -40  81.5047 103.8238
-160  -30  79.8082 104.5094
-150    0  79.5671 105.0470
-150   10  78.1169 105.1690
-150   20  78.6363 104.9335
-150   30  79.7804 105.6945
-150   40  82.6270 106.6896
-150   50  84.1951 107.3188
-150   60  83.8689 107.2877
-150   70  82.1346 106.5501
-150   80  79.4569 105.4746
-150   90  77.7803 103.9252
-150  100  76.2040 102.2624
-150  110  75.2900 100.6636
-150  120  74.6360 99.5118
-150  130  74.1147 98.8784
-150  140  74.3755 99.4129
-150  150  75.3324 99.2434
-150  160  77.3783 101.0573
-150  170  79.2647 102.1375
-150  180  80.3085 103.2204
-150 -180  80.3085 103.2204
-150 -170  79.8594 104.2476
-150 -160  80.0705 105.4171
-150 -150  83.8876 106.9139
-150 -140  87.2458 108.1202
-150 -130  88.2021 108.6786
-150 -120  86.7119 109.1248
-150 -110  83.0578 106.6429
-150 -100  84.0367 106.7237
-150  -90  84.6623 106.4416
-150  -80  84.6492 105.5373
-150  -70  83.9950 104.3095
-150  -60  83.1377 103.6592
-150  -50  82.3436 103.3784
-150  -40  81.7028 103.6619
-150  -30  80.7048 104.1180
-150  -20  80.5572 104.6465
-150  -10  80.3807 104.9563
-140    0  79.5862 104.8360
-140   10  79.3687 104.6216
-140   20  79.3201 105.0388
-140   30  82.0805 105.7130
-140   40  84.6481 106.7900
-140   50  85.2467 107.3343
-140   60  83.8674 107.0735
-140   70  80.9416 105.8267
-140   80  78.9872 103.9518
-140   90  76.6700 101.8091
-140  100  74.6973 99.7402
-140  110  73.5752 98.0083
-140  120  72.8206 96.7655
-140  130  72.9944 97.4871
-140  140  73.5245 97.2617
-140  150  74.7732 97.6365
-140  160  76.9552 99.9547
-140  170  79.2151 101.2822
-140  180  80.0714 102.5857
-140 -180  80.0714 102.5857
-140 -170  80.3227 103.9356
-140 -160  80.8073 105.0154
-140 -150  86.0322 107.3976
-140 -140  88.5274 108.7096
-140 -130  88.1969 109.4283
-140 -120  86.1466 109.9374
-140 -110  82.9955 106.8665
-140 -100  84.6315 106.9341
-140  -90  85.3921 106.4295
-140  -80  84.9101 105.3213
-140  -70  83.8681 104.0572
-140  -60  82.8431 103.2210
-140  -50  82.1650 103.0018
-140  -40  82.0921 103.3072
-140  -30  81.2761 103.7160
-140  -20  81.1410 104.2059
-140  -10  80.7446 104.7204
-130    0  80.6384 104.4722
-130   10  80.3024 104.2726
-130   20  81.4091 105.0434
-130   30  84.2279 105.9119
-130   40  86.0227 106.8881
-130   50  85.4547 107.1080
-130   60  83.0755 106.1151
-130   70  80.4249 104.3396
-130   80  77.7946 101.8916
-130   90  75.1915 99.4076
-130  100  73.2703 97.2400
-130  110  71.9028 95.3509
-130  120  71.3233 94.2868
-130  130  72.2229 95.5951
-130  140  73.3306 95.9901
-130  150  75.0694 97.8834
-130  160  77.3075 99.0846
-130  170  79.3180 100.7618
-130  180  80.1277 102.5336
-130 -180  80.1277 102.5336
-130 -170  80.6775 103.8318
-130 -160  81.2885 104.9414
-130 -150  87.8185 108.1606
-130 -140  89.1532 109.3246
-130 -130  87.5046 109.9542
-130 -120  85.4369 109.7837
-130 -110  83.4177 107.1717
-130 -100  85.3411 106.9972
-130  -90  85.7681 106.1714
-130  -80  84.7283 104.8855
-130  -70  83.3662 103.4418
-130  -60  82.4527 102.5409
-130  -50  82.2470 102.5368
-130  -40  82.3946 102.9330
-130  -30  82.6262 103.6444
-130  -20  82.6500 104.2794
-130  -10  81.7502 104.5432
-120    0  81.1231 104.3344
-120   10  81.2498 104.5075
-120   20  83.5089 105.1358
-120   30  85.9884 106.0457
-120   40  86.5585 106.8435
-120   50  84.7404 106.3411
-120   60  81.7040 104.6593
-120   70  79.1696 102.4147
-120   80  76.5189 99.5746
-120   90  74.2537 97.0259
-120  100  72.3632 94.8851
-120  110  71.0480 93.2584
-120  120  70.7912 92.6442
-120  130  71.3921 92.9880
-120  140  73.8913 95.8542
-120  150  75.8837 97.6078
-120  160  77.9206 99.2975
-120  170  75.4896 100.0393
-120  180  80.2653 102.4893
-120 -180  80.2653 102.4893
-120 -170  81.1264 103.9008
-120 -160  86.4287 107.2675
-120 -150  89.2096 109.1166
-120 -140  89.0565 109.9107
-120 -130  86.5655 110.4556
-120 -120  81.6243 106.9920
-120 -110  84.1364 107.2234
-120 -100  85.9923 106.7970
-120  -90  85.7989 105.6005
-120  -80  84.3245 104.1448
-120  -70  82.9811 102.7392
-120  -60  82.4960 102.0644
-120  -50  82.5312 102.1073
-120  -40  82.8031 102.9694
-120  -30  83.1350 103.8839
-120  -20  82.5769 104.3567
-120  -10  81.7397 104.4865
-110    0  81.9992 104.1015
-110   10  83.0728 104.7421
-110   20  85.4469 105.4239
-110   30  86.8801 106.2274
-110   40  86.1277 106.4131
-110   50  83.3562 105.2854
-110   60  80.6340 103.3825
-110   70  78.0117 100.6000
-110   80  75.6713 97.7446
-110   90  73.6460 95.2308
-110  100  72.0325 93.2965
-110  110  71.0934 92.1640
-110  120  71.2124 92.2460
-110  130  72.2406 93.1959
-110  140  73.7994 94.8373
-110  150  75.1072 96.8565
-110  160  76.0375 98.9452
-110  170  76.4068 100.5396
-110  180  81.1577 103.6377
-110 -180  81.1577 103.6377
-110 -170  82.0962 104.6744
-110 -160  88.2820 108.3591
-110 -150  89.8730 109.8217
-110 -140  88.2396 110.2341
-110 -130  85.6021 110.3707
-110 -120  83.2156 107.9045
-110 -110  86.9620 109.3339
-110 -100  86.1887 106.5174
-110  -90  85.5759 105.1293
-110  -80  83.9744 103.5818
-110  -70  82.9604 102.4296
-110  -60  82.8069 101.8352
-110  -50  83.1816 102.0383
-110  -40  83.6275 102.9581
-110  -30  83.4986 103.9469
-110  -20  82.8063 104.3680
-110  -10  82.0402 104.2393
-100    0  82.9978 104.1297
-100   10  84.7296 104.9339
-100   20  86.3880 105.6449
-100   30  86.5832 106.1675
-100   40  84.8995 105.6262
-100   50  81.8579 103.8846
-100   60  79.5927 101.8669
-100   70  77.2105 99.1566
-100   80  75.3118 96.5050
-100   90  73.7824 94.2383
-100  100  72.5505 92.6843
-100  110  72.0082 92.2244
-100  120  72.3978 92.9310
-100  130  73.6703 94.4670
-100  140  75.2080 96.4065
-100  150  76.4776 98.4122
-100  160  77.4488 100.2337
-100  170  80.8688 103.2986
-100  180  82.2627 104.5647
-100 -180  82.2627 104.5647
-100 -170  86.9310 107.7958
-100 -160  89.6481 109.5225
-100 -150  89.5177 110.4191
-100 -140  86.8969 110.3185
-100 -130  85.7064 110.0790
-100 -120  86.9463 109.6337
-100 -110  87.4719 108.7435
-100 -100  86.0619 107.4525
-100  -90  85.9710 104.8307
-100  -80  84.0199 103.2676
-100  -70  83.3645 102.1590
-100  -60  83.6110 101.8299
-100  -50  84.1208 102.1662
-100  -40  84.3826 103.1265
-100  -30  84.0078 104.0789
-100  -20  83.1285 104.2590
-100  -10  82.5716 104.0831
 -90    0  84.1314 104.5005
 -90   10  85.6093 105.1527
 -90   20  86.1359 105.6766
 -90   30  85.3436 105.6836
 -90   40  83.2003 104.6802
 -90   50  81.0541 102.9438
 -90   60  78.8103 100.5226
 -90   70  77.1430 98.1003
 -90   80  75.9760 95.9175
 -90   90  74.8487 94.1856
 -90  100  73.9290 93.3437
 -90  110  73.6632 93.4787
 -90  120  74.2019 94.5566
 -90  130  75.3915 96.4183
 -90  140  76.7974 98.5283
 -90  150  78.0203 100.3373
 -90  160  78.9031 101.8163
 -90  170  81.6811 104.8895
 -90  180  83.5510 105.7250
 -90 -180  83.5510 105.7250
 -90 -170  88.3087 108.8638
 -90 -160  89.7414 110.0149
 -90 -150  88.0407 110.3674
 -90 -140  85.5256 110.1244
 -90 -130  86.1381 109.8616
 -90 -120  87.8465 109.4257
 -90 -110  86.9856 108.1980
 -90 -100  84.7860 106.7485
 -90  -90  83.4837 105.4576
 -90  -80  84.6973 103.0693
 -90  -70  84.2973 102.0902
 -90  -60  84.6066 101.9464
 -90  -50  84.8568 102.2453
 -90  -40  84.8495 103.0580
 -90  -30  84.1591 103.8349
 -90  -20  83.3717 104.1349
 -90  -10  83.1332 104.0754
 -80    0  84.9746 104.5657
 -80   10  85.4713 105.1908
 -80   20  84.9211 105.4216
 -80   30  83.4900 105.0034
 -80   40  81.4703 103.7704
 -80   50  80.1980 102.1472
 -80   60  78.7722 99.8697
 -80   70  78.0477 97.9040
 -80   80  77.5005 96.1150
 -80   90  76.6373 94.9599
 -80  100  75.9160 94.8395
 -80  110  75.7637 95.5266
 -80  120  76.2717 96.8929
 -80  130  77.2363 98.7249
 -80  140  78.3892 100.7502
 -80  150  79.4659 102.2931
 -80  160  80.2116 103.5304
 -80  170  82.7354 106.4477
 -80  180  86.4475 108.4207
 -80 -180  86.4475 108.4207
 -80 -170  88.6476 109.6315
 -80 -160  88.3496 109.9148
 -80 -150  86.0356 109.8048
 -80 -140  84.8610 109.4982
 -80 -130  85.9580 108.9506
 -80 -120  87.3152 108.7112
 -80 -110  85.4123 107.5260
 -80 -100  83.4814 106.0098
 -80  -90  83.0777 105.0553
 -80  -80  85.3947 102.7331
 -80  -70  85.0859 101.9668
 -80  -60  85.1277 101.8042
 -80  -50  85.0052 102.1475
 -80  -40  84.6124 102.9340
 -80  -30  84.0208 103.5800
 -80  -20  83.5139 104.0221
 -80  -10  83.6335 104.1852
 -70    0  84.9492 104.6774
 -70   10  84.4673 104.8712
 -70   20  83.0993 104.6907
 -70   30  81.5821 104.1060
 -70   40  80.5692 102.9009
 -70   50  79.6879 101.6281
 -70   60  78.9350 100.4299
 -70   70  79.0613 98.7856
 -70   80  78.8827 97.5437
 -70   90  78.9714 96.6344
 -70  100  78.0555 97.2471
 -70  110  77.8047 98.2516
 -70  120  78.2235 99.6351
 -70  130  78.9465 101.3384
 -70  140  79.8633 102.9587
 -70  150  80.8132 104.2942
 -70  160  81.8119 107.1436
 -70  170  83.6911 107.5329
 -70  180  86.8857 109.1400
 -70 -180  86.8857 109.1400
 -70 -170  87.7313 109.6156
 -70 -160  86.2968 109.5008
 -70 -150  84.0271 109.2233
 -70 -140  84.5560 108.7499
 -70 -130  87.1594 107.9903
 -70 -120  85.5851 107.9116
 -70 -110  83.0816 106.2902
 -70 -100  82.3413 104.7340
 -70  -90  82.8489 104.2194
 -70  -80  85.5234 102.1670
 -70  -70  85.3740 101.5053
 -70  -60  85.1341 101.2763
 -70  -50  84.5785 101.7731
 -70  -40  84.1431 102.5525
 -70  -30  83.8069 103.3400
 -70  -20  83.7131 103.8084
 -70  -10  83.9647 104.3081
 -60    0  84.0697 104.2330
 -60   10  82.5384 103.9179
 -60   20  80.8018 103.6055
 -60   30  79.6591 102.8060
 -60   40  79.6476 102.2084
 -60   50  79.4565 101.9590
 -60   60  80.9894 100.8749
 -60   70  82.3983 99.1725
 -60   80  81.8373 98.5134
 -60   90  80.4758 99.1128
 -60  100  79.7831 99.7149
 -60  110  79.4762 101.1418
 -60  120  79.8224 102.4992
 -60  130  80.3944 103.9148
 -60  140  81.1483 105.1887
 -60  150  81.8741 106.1834
 -60  160  82.3901 108.5490
 -60  170  84.1274 108.4939
 -60  180  86.2010 109.1299
 -60 -180  86.2010 109.1299
 -60 -170  85.8079 109.0343
 -60 -160  83.6220 108.7129
 -60 -150  83.1757 108.1084
 -60 -140  86.0008 107.6039
 -60 -130  90.3380 107.0578
 -60 -120  82.4713 106.3471
 -60 -110  80.6554 103.5015
 -60 -100  81.3491 102.9822
 -60  -90  82.7447 103.2190
 -60  -80  85.1444 100.8702
 -60  -70  84.8139 100.0974
 -60  -60  84.4023 100.0717
 -60  -50  83.7686 100.9509
 -60  -40  83.7377 102.1857
 -60  -30  83.7513 103.1635
 -60  -20  83.8618 103.6998
 -60  -10  83.7485 104.1883
 -50    0  81.9318 102.8782
 -50   10  79.4190 102.0515
 -50   20  78.3554 101.7350
 -50   30  78.4113 101.3009
 -50   40  78.9426 102.2098
 -50   50  82.1647 102.2015
 -50   60  85.9065 100.2094
 -50   70  86.2848 99.1883
 -50   80  84.1910 99.8334
 -50   90  81.8627 101.2458
 -50  100  80.7950 102.2094
 -50  110  80.6407 103.8585
 -50  120  81.0581 105.1918
 -50  130  81.6158 106.1733
 -50  140  82.2004 107.2452
 -50  150  82.7184 107.7430
 -50  160  82.9338 109.5125
 -50  170  84.1981 109.3045
 -50  180  84.5993 108.8492
 -50 -180  84.5993 108.8492
 -50 -170  83.0462 108.3224
 -50 -160  81.8588 107.7320
 -50 -150  84.2301 107.2554
 -50 -140  90.6315 106.9922
 -50 -110  75.2955 101.9817
 -50 -100  80.8011 101.3508
 -50  -90  82.3152 101.3182
 -50  -80  83.7020 98.4930
 -50  -70  83.1966 97.7023
 -50  -60  82.8615 98.5425
 -50  -50  82.9650 100.2618
 -50  -40  83.4168 101.9504
 -50  -30  83.7655 102.9633
 -50  -20  83.8316 103.5555
 -50  -10  82.9452 103.4637
 -40   30  77.4915 100.6772
 -40   80  84.7464 101.4367
 -40   90  82.0898 102.4411
 -40  100  81.3512 104.5453
 -40  110  81.6345 106.4074
 -40  120  82.2937 107.6656
 -40  130  82.8763 108.2822
 -40  140  83.2799 108.9846
 -40  150  83.4992 109.1069
 -40  160  83.0498 110.0413
 -40  170  83.2495 109.2425
 -40  180  82.3563 108.0443
 -40 -180  82.3563 108.0443
 -40 -170  81.1671 107.0966
 -40 -160  82.6710 106.6264
 -40 -150  89.2545 106.4386
 -40 -100  79.5793 99.1175
 -40  -90  80.9814 98.2104
 -40  -60  81.1549 98.8886
 -40  -50  82.4673 99.8996
 -40  -40  83.3512 101.8076
 -40  -30  83.7518 103.0317
 -40  -20  83.1923 102.8728
 -30   80  83.9951 102.8488
 -30   90  81.9295 104.6749
 -30  100  82.0133 106.7607
 -30  110  82.7636 108.5456
 -30  120  83.5821 109.6151
 -30  130  84.1112 110.1135
 -30  140  84.2731 110.2971
 -30  150  84.0980 109.7483
 -30  160  83.0947 109.7044
 -30  170  82.0020 108.3798
 -30  180  80.8911 106.8983
 -30 -180  80.8911 106.8983
 -30 -170  81.7348 105.7919
 -30 -160  87.5744 105.6888
 -30  -50  82.5071 100.4548
 -30  -40  83.4371 102.0823
 -30  -30  83.2452 102.5419
 -20   80  82.7658 104.6682
 -20   90  82.1779 106.5984
 -20  100  82.8557 108.5394
 -20  110  84.0256 110.2908
 -20  120  84.9364 111.0737
 -20  130  85.3254 111.2494
 -20  140  85.1141 110.9189
 -20  150  84.2752 109.6357
 -20  160  82.6237 107.8728
 -20  170  81.6762 106.9538
 -20  180  81.9348 105.4930
 -20 -180  81.9348 105.4930
 -20 -170  86.1930 104.8593
 -20  -60  81.2743 100.8262
 -20  -50  82.8189 101.0541
 -20  -40  82.9872 102.2512
 -10   70  84.1585 103.1357
 -10   80  82.4505 106.2016
 -10   90  82.8703 108.6361
 -10  100  84.1428 110.3838
 -10  110  85.3811 111.6690
 -10  120  86.1177 111.9078
 -10  130  86.1303 111.6981
 -10  140  85.3570 110.5788
 -10  150  83.9595 108.7563
 -10  160  81.9321 106.7112
 -10  170  79.4280 105.0064
 -10  180  85.4810 104.3416
 -10 -180  85.4810 104.3416
 -10  -60  81.9352 102.8577
 -10  -50  82.4785 102.3530
