   0   50  75.7105 104.0994
   0   60  80.0532 105.2446
   0  170  74.3416 102.1651
   0  180  77.3723 105.5213
   0 -180  77.3723 105.5213
   0 -170  79.1047 108.0708
   0 -160  80.4468 109.7156
   0 -150  81.6973 111.3742
   0 -140  82.9008 113.0673
   0 -130  83.7872 114.4496
   0 -120  84.0562 115.2244
   0 -110  83.5294 115.1973
   0 -100  82.9119 114.5401
   0  -90  81.6762 113.4755
   0  -80  81.2359 110.9269
   0  -70  81.5079 107.8111
   0  -60  83.7982 105.1547
  10   50  78.8612 105.0044
  10  160  72.8149 102.2576
  10  170  76.9697 104.9364
  10  180  78.8760 107.6014
  10 -180  78.8760 107.6014
  10 -170  80.2813 109.0788
  10 -160  81.4891 110.3414
  10 -150  82.5913 112.0601
  10 -140  83.4514 113.7538
  10 -130  83.7803 114.6730
  10 -120  83.3730 115.1918
  10 -110  82.7039 114.9472
  10 -100  81.8706 113.9040
  10  -90  81.0254 111.9821
  10  -80  80.4498 109.1785
  10  -70  82.5864 106.9691
  20   40  78.4693 106.2942
  20   50  83.0451 105.4771
  20  160  75.6078 105.8002
  20  170  78.2380 107.0558
  20  180  79.8428 108.8515
  20 -180  79.8428 108.8515
  20 -170  80.8725 109.8978
  20 -160  81.7830 110.7919
  20 -150  82.5062 112.3870
  20 -140  82.8255 113.8727
  20 -130  82.6803 114.3423
  20 -120  81.9943 114.7164
  20 -110  81.3150 114.0232
  20 -100  80.6723 112.4783
  20  -90  81.6048 110.1480
  20  -80  81.0115 108.7956
  20  -70  82.8572 105.4411
  30   30  77.8930 106.4769
  30   40  79.9674 106.3611
  30  160  76.5320 107.9770
  30  170  79.0034 108.3236
  30  180  79.7867 108.7988
  30 -180  79.7867 108.7988
  30 -170  80.5429 109.8636
  30 -160  81.0232 110.6251
  30 -150  81.3777 112.0321
  30 -140  81.4036 113.3944
  30 -130  81.0388 113.5008
  30 -120  80.4326 113.7647
  30 -110  79.9206 112.3824
  30 -100  80.4378 111.0168
  30  -90  82.7976 109.1422
  30  -80  81.0823 107.8142
  30  -70  80.8397 104.7355
  30  -20  74.2247 104.7606
  40   40  81.3557 105.6983
  40  100  75.5074 105.1683
  40  170  78.2030 107.7635
  40  180  78.8514 108.1110
  40 -180  78.8514 108.1110
  40 -160  79.4483 110.0480
  40 -150  79.7598 111.4015
  40 -140  79.7334 112.2341
  40 -130  79.5103 112.5875
  40 -120  79.1483 112.1529
  40 -110  79.2862 111.0970
  40 -100  80.5917 109.8227
  40  -90  79.7109 109.4593
  40  -80  81.0958 107.9087
  40  -70  87.1389 104.2203
  40  -30  76.7974 107.3709
  40  -20  72.8203 105.4328
  50   90  77.0498 107.2574
  50  100  73.7282 106.0973
  50 -150  78.2402 110.6825
  50 -140  78.6367 111.2071
  50 -130  78.6294 111.4071
  50 -120  78.6651 110.8501
  50 -110  79.3143 110.1964
  50 -100  80.0788 108.4759
  50  -90  80.0162 108.9533
  50  -80  82.0695 107.2757
  50  -70  86.1904 106.3672
  50  -60  88.9868 105.7339
  50  -50  85.6638 109.0397
  50  -40  78.6961 110.6337
  50  -30  75.5264 109.1314
  60   90  75.6041 107.9169
  60 -150  77.9255 109.7189
  60 -140  78.2621 110.1398
  60 -130  78.5129 109.9483
  60 -120  78.9577 109.9383
  60 -110  79.1310 109.1726
  60 -100  78.9821 109.6213
  60  -90  79.9070 108.8346
  60  -80  81.3251 108.3279
  60  -70  83.4001 108.2409
  60  -60  83.7654 110.2629
  60  -50  79.5584 112.4439
  60  -40  76.8388 112.1659
  70 -160  77.3384 107.8882
  70 -150  78.1951 108.5574
  70 -140  78.5569 108.6504
  70 -130  78.8680 108.9063
  70 -120  79.1554 109.0590
  70 -110  78.7569 108.4273
  70 -100  79.2085 109.8665
  70  -90  79.6713 109.4807
  70  -80  80.8804 109.0770
  70  -70  81.8614 110.8105
  70  -60  79.9766 113.5721
  70  -50  79.1710 113.3033
  80 -160  78.1777 106.6009
  80 -150  78.7937 106.8055
  80 -140  78.9314 107.3619
  80 -130  79.1431 108.2989
  80 -120  78.9595 108.4569
  80 -110  79.2603 108.6038
  80 -100  79.5343 110.4214
  80  -90  79.5815 110.0517
  80  -80  80.4144 111.4004
  80  -70  79.6745 113.6750
  80  -60  80.5487 113.7011
  90 -160  78.7126 103.2776
  90 -150  78.9486 104.5578
  90 -140  79.0735 106.2535
  90 -130  79.0442 108.2719
  90 -120  79.2136 108.4070
  90 -110  79.7226 108.9650
  90 -100  79.6782 110.8166
  90  -90  79.8225 111.8336
  90  -80  79.1463 113.9112
  90  -70  79.7822 113.4542
  90  -60  79.8143 112.4433
 100 -150  79.0077 104.8855
 100 -140  79.0729 106.8771
 100 -130  79.0177 107.5240
 100 -120  79.2280 108.6597
 100 -110  79.4122 109.4774
 100 -100  79.5245 111.2155
 100  -90  79.2039 113.2952
 100  -80  80.1980 111.4350
 100  -70  79.6386 111.7318
 110 -150  78.8790 106.2340
 110 -140  79.0952 107.1902
 110 -130  79.1696 108.3221
 110 -120  79.3516 108.7337
 110 -110  79.1424 109.3063
 110 -100  78.8602 111.9588
 110  -90  79.3218 112.3202
 110  -80  79.3507 112.6451
 120 -150  79.0794 106.1413
 120 -140  79.1951 107.1411
 120 -130  79.2458 107.4348
 120 -120  79.3318 108.6151
 120 -110  79.1453 110.1762
 120 -100  79.8523 112.4926
 120  -90  79.1289 114.1749
 130 -160  79.4730 104.5843
 130 -150  79.6839 105.5181
 130 -140  79.7987 105.9138
 130 -130  79.8516 107.5452
 130 -120  79.8007 109.1438
 130 -110  79.8786 112.1125
 130 -100  80.3368 113.2712
 140 -170  80.3888 103.0247
 140 -160  80.5845 103.9029
 140 -150  80.7748 104.9022
 140 -140  80.7576 105.8517
 140 -130  80.9015 109.2762
 140 -120  81.0722 111.5954
 140 -110  81.1660 113.4087
 140 -100  81.1921 116.0259
 150  180  82.1781 101.7767
 150 -180  82.1781 101.7767
 150 -170  81.7638 102.8695
 150 -160  81.6686 103.9492
 150 -150  81.7554 106.2276
 150 -140  81.9781 108.9161
 150 -130  82.3663 111.6789
 150 -120  82.8491 113.0681
 150 -110  82.6884 115.5122
 150 -100  81.9876 114.4009
 160  170  82.8397 102.4224
 160  180  82.6475 102.7890
 160 -180  82.6475 102.7890
 160 -170  82.5946 104.1206
 160 -160  82.7164 106.6072
 160 -150  82.8919 109.2027
 160 -140  83.3634 111.6271
 160 -130  83.4977 112.9235
 160 -120  83.2317 112.9095
 160 -110  82.3503 114.4358
 160 -100  82.3173 111.5895
 160  -90  83.2489 107.8462
 170  160  83.2569 103.1256
 170  170  83.2139 103.1526
 170  180  83.2929 105.0180
 170 -180  83.2929 105.0180
 170 -170  83.5220 106.6799
 170 -160  83.6979 108.8497
 170 -150  83.8295 110.9026
 170 -140  83.6662 111.7633
 170 -130  83.0251 112.3697
 170 -120  81.9056 111.4895
 170 -110  80.8236 111.5121
 170 -100  82.0254 109.2023
 180  150  83.2515 104.2518
 180  160  83.4628 103.9424
 180  170  83.8900 103.9560
 180  180  84.1777 106.8792
 180 -180  84.1777 106.8792
 180 -170  84.2945 108.0955
 180 -160  84.0504 109.4203
 180 -150  83.6510 110.1953
 180 -140  82.6566 110.6013
 180 -130  81.3176 110.6981
 180 -120  81.0085 111.3006
 180 -110  80.8209 108.5177
 180 -100  79.4872 105.5405
-180  150  83.2515 104.2518
-180  160  83.4628 103.9424
-180  170  83.8900 103.9560
-180  180  84.1777 106.8792
-180 -180  84.1777 106.8792
-180 -170  84.2945 108.0955
-180 -160  84.0504 109.4203
-180 -150  83.6510 110.1953
-180 -140  82.6566 110.6013
-180 -130  81.3176 110.6981
-180 -120  81.0085 111.3006
-180 -110  80.8209 108.5177
-180 -100  79.4872 105.5405
-170   20  82.5852 108.5108
-170  140  83.1208 105.8879
-170  150  83.5108 105.3964
-170  160  84.0702 104.7780
-170  170  84.7079 104.4789
-170  180  84.9212 104.5205
-170 -180  84.9212 104.5205
-170 -170  84.3481 107.7692
-170 -160  83.7036 108.4870
-170 -150  82.9945 107.4201
-170 -140  81.4195 108.2981
-170 -130  79.5410 108.6703
-170 -120  77.2902 107.3721
-170 -110  77.8501 105.9762
-170 -100  79.1095 101.6851
-160   10  81.8057 108.4136
-160  130  84.4818 107.6343
-160  140  83.3979 106.7863
-160  150  84.0319 106.0707
-160  160  84.8747 105.4087
-160  170  85.2597 104.9413
-160  180  84.9785 105.1461
-160 -180  84.9785 105.1461
-160 -170  84.1905 105.5481
-160 -160  82.9034 106.1047
-160 -150  81.1587 106.5736
-160 -140  79.0737 106.8799
-160 -130  77.0175 106.8515
-160 -120  75.1645 106.1516
-160 -110  75.1176 102.8348
-150    0  82.7328 110.4230
-150   10  81.3725 108.5626
-150   70  81.0503 108.6958
-150   80  83.7077 109.0410
-150   90  86.9102 110.8039
-150  110  86.8600 110.1214
-150  120  85.0161 109.1368
-150  130  84.0161 108.1628
-150  140  83.7737 107.0467
-150  150  84.6798 106.4719
-150  160  85.4826 105.8924
-150  170  85.5226 105.5283
-150  180  84.5912 105.3982
-150 -180  84.5912 105.3982
-150 -170  83.0381 105.1755
-150 -160  81.1142 105.2577
-150 -150  78.9022 105.2796
-150 -140  76.6305 105.1479
-150 -130  74.5922 104.8555
-150 -120  73.1754 105.1783
-150 -110  73.2983 103.4786
-150 -100  75.9940 100.8385
-150  -60  78.8252 110.1814
-150  -50  81.2884 109.5369
-150  -40  83.8455 109.3906
-150  -10  83.9001 109.9074
-140    0  79.9611 108.4465
-140   10  82.2705 108.4520
-140   20  83.9597 109.8815
-140   60  82.2545 109.6663
-140   70  84.8898 109.4925
-140   80  86.7579 110.8582
-140   90  88.8099 112.1894
-140  100  88.0066 111.9814
-140  110  85.9936 110.5766
-140  120  84.2327 109.0744
-140  130  83.3427 107.6271
-140  140  84.1439 107.1194
-140  150  85.2936 106.6884
-140  160  85.8243 106.1129
-140  170  85.0976 105.6296
-140  180  83.3913 105.0595
-140 -180  83.3913 105.0595
-140 -170  81.2943 104.5366
-140 -160  78.9478 104.0410
-140 -150  76.5166 103.5378
-140 -140  74.2410 103.0597
-140 -130  72.2808 102.7028
-140 -120  71.2152 102.8375
-140 -110  71.7262 101.2267
-140 -100  73.1013 101.0843
-140  -90  74.6650 102.6270
-140  -80  76.3170 105.1507
-140  -70  77.2831 107.9205
-140  -60  80.8200 109.5980
-140  -50  82.8734 109.8071
-140  -40  85.0555 110.4624
-140  -30  85.6456 110.7509
-140  -20  84.4593 110.7735
-140  -10  83.2068 110.5305
-130    0  84.4106 109.3860
-130   10  83.1442 108.4128
-130   20  84.4337 109.5178
-130   30  84.7045 109.8750
-130   40  84.0266 110.2339
-130   50  83.4766 109.1239
-130   60  84.7769 109.6214
-130   70  85.9718 110.9925
-130   80  88.5203 112.1458
-130   90  88.9547 112.6205
-130  100  87.0197 109.5796
-130  110  84.6499 110.1681
-130  120  83.0510 108.6936
-130  130  83.1196 107.2679
-130  140  84.4293 107.0828
-130  150  85.4749 106.6791
-130  160  85.2936 105.8736
-130  170  83.8418 105.0963
-130  180  81.7149 104.4121
-130 -180  81.7149 104.4121
-130 -170  79.2888 103.5264
-130 -160  76.6822 102.4117
-130 -150  74.1466 101.4827
-130 -140  71.9741 100.6644
-130 -130  70.4928 100.1430
-130 -120  69.9253 100.3510
-130 -110  70.4875 100.0858
-130 -100  71.8271 100.8278
-130  -90  73.3513 102.6885
-130  -80  75.2881 105.1609
-130  -70  77.8206 107.4403
-130  -60  80.8924 109.3114
-130  -50  83.9670 110.8893
-130  -40  85.3772 111.6408
-130  -30  85.1226 111.4141
-130  -20  83.6915 110.9900
-130  -10  82.2544 110.4210
-120    0  82.3656 107.2096
-120   10  83.5559 107.6784
-120   20  85.1545 109.4038
-120   30  84.2661 109.7458
-120   40  84.1582 109.5217
-120   50  84.4891 109.9622
-120   60  86.0950 111.3617
-120   70  87.2232 111.9228
-120   80  88.8337 112.6503
-120  100  85.2262 110.9122
-120  110  82.7854 109.4290
-120  120  81.7785 108.0768
-120  130  82.9330 107.0723
-120  140  84.4924 106.9156
-120  150  85.0959 106.3429
-120  160  84.1920 105.3629
-120  170  82.2912 104.4180
-120  180  79.8869 103.5834
-120 -180  79.8869 103.5834
-120 -170  77.2763 102.4852
-120 -160  74.5968 100.9842
-120 -150  72.1167 99.5636
-120 -140  70.1152 98.4467
-120 -130  69.2162 98.1561
-120 -120  69.3092 99.2834
-120 -110  70.1379 99.7654
-120 -100  71.5908 101.1985
-120  -90  73.3790 103.3578
-120  -80  75.6300 105.8023
-120  -70  78.6831 108.3624
-120  -60  81.9453 110.2684
-120  -50  84.3972 111.5839
-120  -40  85.1253 111.9345
-120  -30  84.1662 111.4705
-120  -20  82.6229 110.7570
-120  -10  81.4946 110.2952
-110    0  81.6039 110.3292
-110   10  83.7185 107.6469
-110   20  84.9764 109.0774
-110   30  84.1452 109.4147
-110   40  83.5667 109.5929
-110   50  84.2275 110.6151
-110   60  85.4923 112.4110
-110   70  87.2246 112.7490
-110   80  87.7734 112.7150
-110   90  85.5703 110.3407
-110  100  82.9173 109.8898
-110  110  80.8874 108.5695
-110  120  81.3418 107.0516
-110  130  82.9094 106.7115
-110  140  84.3703 106.5427
-110  150  84.2741 105.7865
-110  160  82.7642 104.8494
-110  170  80.5560 103.9065
-110  180  78.1243 102.7214
-110 -180  78.1243 102.7214
-110 -170  75.5951 101.3998
-110 -160  73.0376 99.7091
-110 -150  70.7275 98.1333
-110 -140  69.0174 96.9647
-110 -130  68.6723 96.9726
-110 -120  69.6194 98.3117
-110 -110  70.3942 100.6503
-110 -100  71.9885 102.5896
-110  -90  74.0223 105.0216
-110  -80  76.3385 107.3017
-110  -70  79.4735 109.7581
-110  -60  82.3016 111.3712
-110  -50  84.1485 112.1282
-110  -40  84.1419 111.9769
-110  -30  82.9017 111.3197
-110  -20  81.6685 110.7777
-110  -10  81.0701 110.3336
-100    0  81.8844 110.0448
-100   10  82.4793 109.9122
-100   20  83.8494 108.9951
-100   30  82.5669 109.6672
-100   40  82.3894 110.3259
-100   50  83.5142 111.3239
-100   60  85.1031 112.9296
-100   70  86.1325 112.7831
-100   80  85.6721 112.1003
-100   90  83.3107 110.3596
-100  100  80.4724 108.9376
-100  110  79.4691 107.9727
-100  120  81.0146 106.5991
-100  130  83.0658 106.3540
-100  140  83.9189 106.0308
-100  150  82.9954 105.2295
-100  160  81.1266 104.2822
-100  170  79.0203 103.3492
-100  180  76.8038 101.9344
-100 -180  76.8038 101.9344
-100 -170  74.4714 100.3765
-100 -160  72.1106 98.8315
-100 -150  70.1140 97.4879
-100 -140  68.9461 96.6336
-100 -130  69.1971 96.7096
-100 -120  70.1502 97.9414
-100 -110  71.2587 101.1385
-100 -100  72.6706 102.7542
-100  -90  74.5056 106.7378
-100  -80  77.0540 109.1320
-100  -70  79.9636 111.1272
-100  -60  82.2443 112.1487
-100  -50  83.2620 112.5099
-100  -40  82.8942 111.8810
-100  -30  81.7437 111.2202
-100  -20  81.0096 110.6452
-100  -10  81.0289 110.1512
 -90    0  81.8924 109.7413
 -90   10  81.6196 109.5324
 -90   20  80.8350 109.9709
 -90   30  80.1259 109.8228
 -90   40  80.9596 110.7034
 -90   50  82.3263 111.7008
 -90   60  83.9465 112.6351
 -90   70  84.0911 111.9425
 -90   80  83.0925 110.9725
 -90   90  80.4914 109.2634
 -90  100  78.4349 108.2190
 -90  110  79.1954 106.9576
 -90  120  81.1588 106.0697
 -90  130  83.0920 105.9125
 -90  140  82.9835 105.3204
 -90  150  81.4722 104.8246
 -90  160  79.7400 104.0363
 -90  170  78.0000 103.0902
 -90  180  76.0760 101.5849
 -90 -180  76.0760 101.5849
 -90 -170  73.9651 99.9013
 -90 -160  71.8651 98.6053
 -90 -150  70.2720 97.7586
 -90 -140  69.6783 97.5180
 -90 -130  70.3015 98.0411
 -90 -120  71.3507 99.2331
 -90 -110  72.7233 101.6539
 -90 -100  74.6734 103.9420
 -90  -90  75.3776 108.8249
 -90  -80  77.6680 110.8027
 -90  -70  79.9853 112.3665
 -90  -60  81.6763 112.8779
 -90  -50  82.1481 112.7213
 -90  -40  81.4897 111.7146
 -90  -30  80.8713 110.9841
 -90  -20  80.7470 110.3884
 -90  -10  81.2837 109.7024
 -80    0  81.2700 108.6558
 -80   10  80.0973 108.6043
 -80   20  79.2020 109.3289
 -80   30  77.9127 109.7097
 -80   40  79.3795 110.5460
 -80   50  81.3675 111.4214
 -80   60  82.1262 111.3331
 -80   70  81.5783 110.4826
 -80   80  80.1103 109.6799
 -80   90  77.8584 108.3105
 -80  100  76.9315 107.8452
 -80  110  78.8953 106.2459
 -80  120  80.8302 106.1889
 -80  130  81.7515 106.0033
 -80  140  80.6842 105.5814
 -80  150  80.0825 104.6088
 -80  160  78.8209 104.2451
 -80  170  77.5388 103.1439
 -80  180  75.8262 101.5449
 -80 -180  75.8262 101.5449
 -80 -170  73.8770 100.0553
 -80 -160  72.0837 98.9519
 -80 -150  70.9923 98.7449
 -80 -140  70.8850 99.0995
 -80 -130  71.5711 100.2624
 -80 -120  72.8203 101.8270
 -80 -110  74.4627 104.2452
 -80 -100  76.8786 106.5747
 -80  -90  79.9465 108.9381
 -80  -80  77.9585 112.2080
 -80  -70  79.6151 113.1346
 -80  -60  80.9378 113.2847
 -80  -50  80.7166 112.5259
 -80  -40  80.4088 111.4481
 -80  -30  80.3178 110.6063
 -80  -20  80.7355 109.9105
 -80  -10  81.4537 109.0595
 -70    0  80.1562 107.3012
 -70   10  78.5643 107.4841
 -70   20  78.0154 108.6225
 -70   30  77.1023 109.6128
 -70   40  78.1912 109.9270
 -70   50  79.8802 110.3036
 -70   60  79.4200 108.9753
 -70   70  78.7755 109.0398
 -70   80  77.2860 108.4775
 -70   90  75.7334 107.7033
 -70  100  76.8726 106.7015
 -70  110  78.8797 105.9961
 -70  120  81.3474 105.0685
 -70  130  80.6830 104.8035
 -70  140  78.9088 105.1085
 -70  150  78.3251 105.2228
 -70  160  78.4771 104.4298
 -70  170  77.3917 103.2876
 -70  180  75.6599 101.8074
 -70 -180  75.6599 101.8074
 -70 -170  73.8364 100.5420
 -70 -160  72.5555 100.0444
 -70 -150  72.0252 100.3904
 -70 -140  72.2824 101.3031
 -70 -130  73.0482 102.8117
 -70 -120  74.1416 104.6701
 -70 -110  75.5053 106.8452
 -70 -100  77.2688 109.1533
 -70  -90  78.9526 110.9638
 -70  -80  78.2405 113.6893
 -70  -70  79.2226 113.8221
 -70  -60  79.8231 113.4733
 -70  -50  79.6126 112.4170
 -70  -40  79.5811 111.1261
 -70  -30  79.9728 110.0053
 -70  -20  80.8749 109.0340
 -70  -10  81.2459 108.0311
 -60    0  78.5996 106.1198
 -60   10  77.2745 106.7673
 -60   20  77.1720 108.0821
 -60   30  76.6776 108.8971
 -60   40  76.6807 108.6287
 -60   50  77.4325 108.0655
 -60   60  76.6573 107.3510
 -60   70  75.9682 107.7547
 -60   80  74.8097 107.3985
 -60   90  74.4654 106.9998
 -60  100  76.4878 106.4393
 -60  110  80.2518 104.1160
 -60  120  80.9610 101.5611
 -60  130  76.8953 102.2298
 -60  140  76.4270 104.5930
 -60  150  77.6580 105.1735
 -60  160  78.3152 104.3555
 -60  170  76.9883 103.0777
 -60  180  75.1432 101.8182
 -60 -180  75.1432 101.8182
 -60 -170  73.7282 101.2269
 -60 -160  73.1175 101.4220
 -60 -150  73.2004 102.2279
 -60 -140  73.7387 103.4787
 -60 -130  74.5510 105.2856
 -60 -120  75.4202 107.1871
 -60 -110  76.3018 109.1355
 -60 -100  77.6489 111.1838
 -60  -90  78.8804 112.3917
 -60  -80  78.3522 114.4862
 -60  -70  78.9541 114.0699
 -60  -60  79.1000 113.5024
 -60  -50  78.8325 112.0641
 -60  -40  79.2358 110.5277
 -60  -30  80.3393 109.1693
 -60  -20  81.3536 107.8964
 -60  -10  80.8061 106.7589
 -50    0  76.9863 104.9212
 -50   10  76.2075 106.0302
 -50   20  75.6301 107.0552
 -50   30  76.0139 106.9188
 -50   40  74.3805 106.0299
 -50   50  74.4653 105.5932
 -50   60  73.7867 105.6922
 -50   70  73.5093 106.5073
 -50   80  73.2976 106.5074
 -50   90  74.2043 105.9358
 -50  100  78.0401 103.7172
 -50  140  74.3361 104.1303
 -50  150  77.3261 104.7529
 -50  160  77.6147 103.4311
 -50  170  75.6754 102.2115
 -50  180  74.0409 101.5720
 -50 -180  74.0409 101.5720
 -50 -170  73.5191 101.8625
 -50 -160  73.8268 102.9406
 -50 -150  74.5154 104.0808
 -50 -140  75.3100 105.6669
 -50 -130  76.0227 107.5170
 -50 -120  76.6831 109.3391
 -50 -110  77.5645 110.9816
 -50 -100  78.7653 112.4788
 -50  -90  79.8670 113.4220
 -50  -80  78.6878 114.8771
 -50  -70  79.0206 113.9902
 -50  -60  78.6519 113.0899
 -50  -50  78.6671 111.1145
 -50  -40  79.9513 109.4259
 -50  -30  81.3514 107.8282
 -50  -20  81.6268 106.0176
 -50  -10  79.3769 104.9240
 -40   10  76.3391 104.8093
 -40   20  75.4675 104.8602
 -40   30  73.4462 103.7004
 -40   60  71.3424 104.2707
 -40   70  72.2732 105.7161
 -40   80  73.4578 105.1030
 -40   90  75.5172 103.2182
 -40  140  74.3932 104.1869
 -40  150  77.3728 103.4704
 -40  160  75.4378 101.4389
 -40  170  73.1832 100.5737
 -40  180  72.6728 101.2449
 -40 -180  72.6728 101.2449
 -40 -170  73.5768 102.6040
 -40 -160  74.8303 104.4328
 -40 -150  75.9254 105.8962
 -40 -140  76.7758 107.4768
 -40 -130  77.4971 109.3454
 -40 -120  78.2967 111.0115
 -40 -110  79.2028 112.5449
 -40 -100  80.2096 113.2717
 -40  -90  81.3235 114.0631
 -40  -80  79.3743 114.9577
 -40  -70  79.1185 113.6927
 -40  -60  78.7348 112.0164
 -40  -50  79.6563 109.9131
 -40  -40  81.3326 107.8911
 -40  -30  82.1979 105.6534
 -40  -20  81.1886 103.3543
 -30   10  78.2256 103.1754
 -30   20  73.9343 101.3742
 -30   60  71.0383 104.1442
 -30   70  73.2759 105.6393
 -30   80  74.0363 104.0448
 -30  140  75.5218 103.1201
 -30  150  74.1766 100.3973
 -30  180  72.1534 101.3854
 -30 -180  72.1534 101.3854
 -30 -170  74.4593 103.7942
 -30 -160  76.1527 105.8079
 -30 -150  77.2789 107.6482
 -30 -140  78.2757 109.1837
 -30 -130  79.2094 110.9856
 -30 -120  80.0625 112.4824
 -30 -110  80.9220 113.9174
 -30 -100  81.7800 113.9317
 -30  -90  82.7348 114.6105
 -30  -80  83.1692 114.1017
 -30  -70  79.4845 112.6358
 -30  -60  79.7683 110.5709
 -30  -50  81.4595 108.2105
 -30  -40  82.4957 105.8322
 -20   60  72.5144 103.7393
 -20   70  74.9841 104.8075
 -20  180  73.2961 102.3063
 -20 -180  73.2961 102.3063
 -20 -170  75.9675 105.1783
 -20 -160  77.5230 107.1849
 -20 -150  78.7806 109.1112
 -20 -140  79.9676 110.8191
 -20 -130  80.9608 112.4511
 -20 -120  81.8594 113.7781
 -20 -110  82.5433 114.6064
 -20 -100  83.0165 114.6528
 -20  -90  83.2742 114.8898
 -20  -80  83.2701 113.8477
 -20  -70  80.3211 111.1936
 -20  -60  81.6769 108.9210
 -20  -50  82.6504 106.1986
 -10   60  75.3011 104.3995
 -10  180  75.3384 103.8143
 -10 -180  75.3384 103.8143
 -10 -170  77.5288 106.7257
 -10 -160  79.0744 108.5704
 -10 -150  80.3492 110.6086
 -10 -140  81.5448 112.0902
 -10 -130  82.6500 113.7804
 -10 -120  83.4036 114.6736
 -10 -110  83.6658 115.1620
 -10 -100  83.4400 114.7266
 -10  -90  82.6963 114.5676
 -10  -80  81.3764 113.4887
 -10  -70  81.6322 109.6622
 -10  -60  82.0920 106.9613
 -10  -50  85.5880 101.5677
