   0   60  82.0085 103.1181
   0   70  81.6993 106.2670
   0   80  82.5618 108.4468
   0   90  83.8701 110.2604
   0  100  84.8309 111.6404
   0  110  85.5002 112.5309
   0  120  85.6230 112.7707
   0  130  84.9073 112.0727
   0  140  83.6010 110.8324
   0  150  81.6897 109.3390
   0  160  79.6109 107.7238
   0  170  79.0430 106.6329
   0  -70  79.2204 102.1444
   0  -60  79.7311 101.2875
   0  -50  78.0908 99.7379
  10   50  83.8222 101.0620
  10   60  82.0343 105.6778
  10   70  82.3027 108.0554
  10   80  83.3388 109.6844
  10   90  84.3129 111.2154
  10  100  85.0164 112.2070
  10  110  85.2631 112.5213
  10  120  84.6280 112.2883
  10  130  83.5367 111.2563
  10  140  82.0237 109.7227
  10  150  80.3487 107.9207
  10  160  79.7717 106.5319
  10  170  73.7572 104.4926
  10  -70  78.8992 102.9169
  10  -60  77.8327 100.5057
  20   40  85.8994 98.9472
  20   50  82.2900 104.7555
  20   60  82.1130 107.4911
  20   70  81.9898 109.7121
  20   80  82.6657 111.2944
  20   90  83.4715 112.2760
  20  100  84.4923 112.2815
  20  110  83.9224 111.8977
  20  120  82.9944 110.9675
  20  130  81.7920 109.8908
  20  140  80.3800 108.1869
  20  150  79.5415 106.5841
  20  160  79.7740 105.5128
  20  -80  78.1045 102.7684
  20  -70  77.1483 102.5434
  20  -60  74.8071 98.9370
  30   30  86.0650 101.5446
  30   40  81.5294 104.0423
  30   50  81.6669 106.8145
  30   60  81.1820 109.1170
  30   70  81.4953 110.4559
  30   80  82.0741 111.4701
  30   90  82.7146 111.8974
  30  100  82.6503 111.8119
  30  110  82.3036 110.4868
  30  120  81.4321 109.5056
  30  130  80.3595 108.1416
  30  140  79.3433 106.8556
  30  150  79.1303 105.7103
  30  160  84.6466 106.1673
  30  -80  76.9933 102.6532
  30  -70  75.4413 101.3223
  30  -20  76.1938 99.6287
  40   30  81.5211 103.0661
  40   40  80.6991 105.2544
  40   50  80.2566 107.7326
  40   90  81.5939 111.0655
  40  100  81.8141 109.7873
  40  110  80.8512 109.0661
  40  120  80.0317 107.9131
  40  130  79.2420 106.8266
  40  140  79.0686 106.0180
  40  150  79.6965 105.2520
  40  160  83.2162 106.0641
  40  -80  75.7681 101.3635
  40  -70  74.2599 100.0186
  40  -30  76.8795 100.1373
  40  -20  77.3777 101.5097
  40  -10  80.3386 100.8122
  50   90  80.3269 111.8645
  50  100  80.4801 108.4247
  50  110  79.5640 107.7643
  50  120  79.1826 107.0508
  50  130  79.0058 106.6068
  50  140  79.4769 106.1313
  50  150  80.6793 106.5642
  50  160  81.4696 106.6808
  50  -30  79.7557 101.5507
  50  -20  78.9415 101.8544
  60   90  81.2521 110.9339
  60  100  79.6587 107.7531
  60  110  79.3127 107.1648
  60  120  79.0006 106.6745
  60  130  79.2237 106.6948
  60  140  80.7711 105.9324
  60  150  80.2995 107.3441
  60  160  81.3552 106.8190
  60  -30  80.4083 102.7754
  70   90  80.4197 109.3388
  70  100  80.5966 108.4497
  70  110  80.3106 106.7007
  70  120  80.2037 106.5401
  70  130  80.5843 106.3370
  70  140  81.7246 106.3673
  70  150  81.4317 106.8090
  70  160  82.1529 106.3211
  70  170  81.9627 105.6484
  70  180  82.4785 105.9619
  70 -180  82.4785 105.9619
  70 -170  79.3331 106.6496
  70  -40  80.9241 102.6242
  80   90  78.9740 109.1287
  80  100  78.3996 107.2828
  80  110  80.8748 106.3132
  80  120  81.1010 106.5151
  80  130  81.5469 106.6612
  80  140  81.1683 107.4738
  80  150  81.7724 106.5516
  80  160  81.8688 105.6326
  80  170  80.9894 104.8193
  80  180  80.9735 104.7102
  80 -180  80.9735 104.7102
  90  100  78.9739 105.3660
  90  110  81.2299 106.0893
  90  120  81.9048 106.8914
  90  130  82.0889 107.0650
  90  140  81.6422 107.2491
  90  150  81.9165 105.7309
  90  160  81.8031 105.1015
  90  170  82.8927 105.5711
  90  180  81.6993 104.9356
  90 -180  81.6993 104.9356
 100  110  82.5074 107.6810
 100  120  82.3273 107.8124
 100  130  82.1805 107.4909
 100  140  82.4170 106.7054
 100  150  81.9263 105.7944
 100  160  83.3452 104.9077
 100  170  81.9570 105.0684
 110  100  86.3001 108.1288
 110  110  82.5651 108.0834
 110  120  82.1922 108.1323
 110  130  81.7675 107.5030
 110  140  81.5293 106.7304
 110  150  82.2849 106.4296
 110  160  81.8683 105.8220
 120  100  85.3351 108.7276
 120  110  82.1203 108.4901
 120  120  81.4392 108.1857
 120  130  81.0249 107.9458
 120  140  81.2741 107.3056
 120  150  81.2647 106.8888
 130   90  84.1124 108.1828
 130  100  82.3908 108.6412
 130  110  81.6168 108.9774
 130  120  81.2025 109.2133
 130  130  80.7618 109.0949
 130  140  81.2417 108.2874
 140   90  81.5121 108.0579
 140  100  82.1476 110.1219
 140  110  81.6899 110.3780
 140  120  81.4987 110.4277
 140  130  82.0226 109.2156
 140  140  82.0737 108.6251
 150   80  80.4196 108.1185
 150   90  81.6405 110.1428
 150  100  82.1971 111.0084
 150  110  82.3679 110.8701
 150  120  82.3698 110.4839
 150  130  83.2795 109.1905
 150  140  83.4175 107.4031
 160   70  78.2143 107.2185
 160   80  81.2886 109.9882
 160   90  82.4488 110.6787
 160  100  82.8743 110.3100
 160  110  83.0003 109.9690
 160  120  83.1456 108.7679
 160  130  84.5173 107.2952
 160  140  85.9576 104.6486
 170   60  77.4946 107.8932
 170   70  80.4488 109.8451
 170   80  82.2308 109.4036
 170   90  83.1586 108.6157
 170  100  83.5809 108.3410
 170  110  83.9639 107.8063
 170  120  84.2235 106.3438
 170  130  83.8696 103.0813
 170  140  85.2793 101.0604
 180   50  79.3891 108.4939
 180   60  81.4866 108.8643
 180   70  81.4927 107.7972
 180   80  82.8902 106.6132
 180   90  83.5364 106.2015
 180  100  83.5141 105.7762
 180  110  83.3368 104.6347
 180  120  82.8590 102.4276
 180  130  82.3194 100.4091
 180  140  79.0908 97.9256
-180   50  79.3891 108.4939
-180   60  81.4866 108.8643
-180   70  81.4927 107.7972
-180   80  82.8902 106.6132
-180   90  83.5364 106.2015
-180  100  83.5141 105.7762
-180  110  83.3368 104.6347
-180  120  82.8590 102.4276
-180  130  82.3194 100.4091
-180  140  79.0908 97.9256
-170   40  78.5709 108.1894
-170   50  80.7939 107.6737
-170   60  82.4555 106.5883
-170   70  82.3142 104.7707
-170   80  83.0528 104.1827
-170   90  83.0176 103.8658
-170  100  82.6251 102.9491
-170  110  81.2289 101.1753
-170  120  80.8397 100.2137
-170  130  80.3429 99.6913
-160   30  77.6998 107.4635
-160   40  80.2039 106.3995
-160   50  82.1920 104.9096
-160   60  83.7020 103.3760
-160   70  82.7125 102.8020
-160   80  82.7582 102.1314
-160   90  82.0530 101.5512
-160  100  81.0591 100.7182
-160  110  79.1100 99.1121
-160  120  78.4663 99.2008
-160  130  78.0201 99.7041
-160 -100  85.5229 108.9437
-150   10  76.7425 108.8775
-150   20  76.5060 105.4577
-150   30  78.5105 101.9442
-150   40  81.8050 99.4938
-150   50  83.9157 97.9135
-150   60  84.0689 97.2881
-150   70  82.3160 97.0349
-150   80  81.6953 100.6892
-150   90  80.4161 100.3016
-150  100  78.9372 99.7038
-150  110  77.1331 99.3595
-150  120  75.9361 98.0408
-150  130  75.3505 98.4608
-150 -110  85.8244 109.3525
-150 -100  83.7362 105.2200
-150  -90  83.2243 103.9727
-140    0  77.8715 111.5449
-140   10  77.7600 106.1745
-140   20  78.4473 105.4746
-140   30  80.7425 103.5668
-140   40  83.2055 102.5673
-140   50  83.7898 101.4418
-140   60  82.6817 100.1715
-140   70  80.8904 99.3786
-140   80  80.1326 100.3238
-140   90  78.3344 99.8226
-140  100  76.4699 99.1770
-140  110  74.6432 98.3674
-140  120  73.6569 96.2008
-140  130  73.1420 95.5726
-140 -120  85.8094 108.9287
-140 -110  84.6642 108.5399
-140 -100  82.0989 106.3475
-140  -90  82.5687 105.0150
-140  -80  83.7294 104.6729
-140  -70  84.3205 105.2646
-140  -50  83.3726 104.8898
-140  -40  84.6305 102.3735
-140  -10  76.9798 115.6998
-130    0  78.3641 105.8165
-130   10  78.8042 104.8422
-130   20  80.0757 103.5003
-130   30  82.6165 103.2437
-130   40  83.8747 103.1511
-130   50  83.2320 102.4664
-130   60  81.1852 101.5138
-130   70  79.4157 100.1853
-130   80  78.3838 99.9582
-130   90  76.1001 98.9040
-130  100  74.1781 97.6729
-130  110  72.6087 96.7721
-130  120  71.0862 95.6715
-130  130  72.2141 92.9792
-130  140  75.5173 92.0451
-130  180  80.0155 106.0686
-130 -180  80.0155 106.0686
-130 -170  79.7505 107.4432
-130 -130  86.8984 109.9744
-130 -120  85.3824 108.9170
-130 -110  80.2698 106.5426
-130 -100  82.3310 106.8525
-130  -90  84.0443 106.5741
-130  -80  84.4408 105.9084
-130  -70  83.9677 104.7552
-130  -60  83.4485 103.7239
-130  -50  82.7342 103.2516
-130  -40  80.9747 101.9917
-130  -30  78.4757 101.2990
-130  -20  78.3714 112.5624
-130  -10  79.3917 108.5507
-120    0  79.7842 103.9547
-120   10  79.6710 103.4184
-120   20  81.8138 103.3652
-120   30  83.7145 104.0058
-120   40  83.8464 104.0120
-120   50  82.0285 102.9674
-120   60  79.9276 101.8404
-120   70  77.4879 100.0950
-120   80  76.0930 98.6626
-120   90  74.6006 97.4638
-120  100  72.8071 96.0723
-120  110  71.6422 95.1511
-120  120  70.7304 94.6058
-120  130  72.5327 94.8548
-120  140  76.5788 91.1934
-120  170  76.7925 104.2062
-120  180  79.0413 105.9179
-120 -180  79.0413 105.9179
-120 -170  79.4462 106.8439
-120 -160  78.8898 107.8369
-120 -140  88.2238 111.2968
-120 -130  86.4913 110.6124
-120 -120  83.4649 109.8787
-120 -110  83.1961 109.6427
-120 -100  83.4126 108.1010
-120  -90  83.9531 106.8956
-120  -80  84.0600 105.5350
-120  -70  83.7968 103.6578
-120  -60  83.1144 102.7370
-120  -50  82.0173 102.5206
-120  -40  80.3528 104.6021
-120  -30  80.3313 105.4613
-120  -20  80.6449 105.7043
-120  -10  80.4665 104.7631
-110    0  79.4947 103.2972
-110   10  81.2443 103.6022
-110   20  83.2235 104.2860
-110   30  84.0517 104.7553
-110   40  82.9053 104.2893
-110   50  80.9070 103.3142
-110   60  78.6113 101.5677
-110   70  76.7249 99.8515
-110   80  74.6171 97.7725
-110   90  72.5833 96.1337
-110  100  72.3835 94.7716
-110  110  71.7133 94.1160
-110  120  72.1534 94.1432
-110  130  73.1404 95.6991
-110  140  72.9876 97.9260
-110  150  75.6055 100.7229
-110  160  78.3328 102.9076
-110  170  79.6437 104.4530
-110  180  79.4159 105.8394
-110 -180  79.4159 105.8394
-110 -170  80.2379 106.7171
-110 -160  85.2520 111.3637
-110 -150  91.1460 116.1479
-110 -140  88.6151 111.4041
-110 -130  85.5511 110.7208
-110 -120  83.7163 110.1343
-110 -110  84.4519 109.4098
-110 -100  85.0267 108.2053
-110  -90  84.0218 107.1333
-110  -80  83.7543 104.9701
-110  -70  82.5526 103.6434
-110  -60  82.0156 103.3291
-110  -50  81.9484 103.5727
-110  -40  81.7456 103.8683
-110  -30  81.8553 104.4820
-110  -20  81.6123 104.2754
-110  -10  80.3338 103.5953
-100    0  81.0095 103.5805
-100   10  82.5803 104.2139
-100   20  83.8476 104.9673
-100   30  83.6277 104.9823
-100   40  81.6867 104.1300
-100   50  79.8737 102.7846
-100   60  77.6935 100.7205
-100   70  76.1309 98.9799
-100   80  74.3184 97.0138
-100   90  72.5647 95.8057
-100  100  71.4840 94.6869
-100  110  71.1278 94.6003
-100  120  71.9392 95.3179
-100  130  72.9987 98.2454
-100  140  74.7808 99.9058
-100  150  77.0157 102.0190
-100  160  78.8000 103.9598
-100  170  77.8895 104.5471
-100  180  79.3146 105.7369
-100 -180  79.3146 105.7369
-100 -170  82.3785 107.5610
-100 -160  87.7612 110.7640
-100 -150  89.5933 111.8321
-100 -140  87.5743 111.2118
-100 -130  84.5546 110.6884
-100 -120  84.7925 109.8076
-100 -110  85.7371 108.8277
-100 -100  84.9409 107.4862
-100  -90  83.2368 105.8758
-100  -80  82.0638 105.2353
-100  -70  82.8290 103.5890
-100  -60  82.6301 103.3543
-100  -50  82.8201 103.5930
-100  -40  82.8380 103.7360
-100  -30  82.3971 103.7643
-100  -20  81.3676 103.5853
-100  -10  80.3840 103.2311
 -90    0  82.1400 104.0876
 -90   10  83.2456 104.8043
 -90   20  83.5622 105.2564
 -90   30  82.4926 104.9401
 -90   40  81.0704 104.0166
 -90   50  79.3288 102.2282
 -90   60  77.5533 100.2021
 -90   70  76.4218 98.4557
 -90   80  74.9817 96.7714
 -90   90  73.6854 95.7099
 -90  100  72.9150 95.3225
 -90  110  72.9023 95.6611
 -90  120  73.7376 96.8017
 -90  130  75.0550 99.2116
 -90  140  76.6402 102.0954
 -90  150  77.6247 103.0123
 -90  160  77.9190 104.1425
 -90  170  80.1980 105.9992
 -90  180  79.0596 105.8163
 -90 -180  79.0596 105.8163
 -90 -170  85.5853 109.7726
 -90 -160  88.9873 111.1718
 -90 -150  88.9290 111.7242
 -90 -140  85.5901 110.8455
 -90 -130  83.5695 109.6986
 -90 -120  84.6347 108.6906
 -90 -110  85.7400 108.3106
 -90 -100  83.8992 106.4208
 -90  -90  82.3155 105.2973
 -90  -80  81.8181 105.0274
 -90  -70  83.5267 103.5832
 -90  -60  83.3891 103.1785
 -90  -50  83.4814 103.2925
 -90  -40  83.0532 103.5026
 -90  -30  82.1179 103.6189
 -90  -20  81.1118 103.4484
 -90  -10  80.7490 103.4635
 -80    0  82.6520 104.4678
 -80   10  82.9608 104.9563
 -80   20  82.3651 105.1170
 -80   30  81.0999 104.5373
 -80   40  80.1723 103.4163
 -80   50  78.9364 101.6953
 -80   60  78.0549 100.0322
 -80   70  77.7151 98.3197
 -80   80  76.6896 97.0236
 -80   90  75.5886 96.3638
 -80  100  74.8710 96.4449
 -80  110  74.9407 97.4240
 -80  120  75.7298 98.9644
 -80  130  76.2158 100.2379
 -80  140  77.5520 102.1764
 -80  150  78.3595 104.3813
 -80  160  78.7558 105.5292
 -80  170  80.3013 107.2277
 -80  180  80.6545 107.3067
 -80 -180  80.6545 107.3067
 -80 -170  87.2894 110.0607
 -80 -160  88.8238 111.1787
 -80 -150  86.5512 110.5518
 -80 -140  83.0720 109.5961
 -80 -130  83.2483 108.9779
 -80 -120  86.3076 107.8053
 -80 -110  84.5066 107.5204
 -80 -100  82.3529 105.7260
 -80  -90  81.6014 105.1100
 -80  -80  81.8216 104.8096
 -80  -70  83.9579 103.3842
 -80  -60  83.8621 103.0503
 -80  -50  83.5518 103.0825
 -80  -40  82.7587 103.2894
 -80  -30  81.8592 103.4678
 -80  -20  81.2056 103.4903
 -80  -10  81.1388 103.8618
 -70    0  82.4735 104.6406
 -70   10  81.9437 104.8818
 -70   20  81.0447 104.7679
 -70   30  80.3490 104.0572
 -70   40  79.8308 102.8848
 -70   50  78.8975 101.8117
 -70   60  78.7678 100.2360
 -70   70  78.4547 98.7331
 -70   80  77.5021 97.8790
 -70   90  77.1052 97.0918
 -70  100  76.2768 97.9593
 -70  110  76.2968 99.3565
 -70  120  77.0112 101.0421
 -70  130  77.9279 102.8080
 -70  140  78.7367 104.4132
 -70  150  79.2425 105.7934
 -70  160  79.5581 107.0518
 -70  170  81.0617 108.2929
 -70  180  82.3304 107.8937
 -70 -180  82.3304 107.8937
 -70 -170  87.5079 110.2128
 -70 -160  86.9400 109.8949
 -70 -150  83.3163 109.5239
 -70 -140  81.7142 109.0476
 -70 -130  85.4784 108.1513
 -70 -120  89.8343 107.2431
 -70 -110  82.0805 105.7757
 -70 -100  80.7928 104.0792
 -70  -90  81.0821 104.0140
 -70  -80  81.9784 104.4262
 -70  -70  83.9714 102.7498
 -70  -60  83.6287 102.4012
 -70  -50  83.0753 102.4285
 -70  -40  82.3611 102.9123
 -70  -30  81.8083 103.3610
 -70  -20  81.5548 103.6918
 -70  -10  81.3955 104.2148
 -60    0  81.4251 104.2701
 -60   10  80.4270 104.3626
 -60   20  79.4895 103.8765
 -60   30  79.8062 103.2621
 -60   40  79.5250 102.8067
 -60   50  80.3506 101.5777
 -60   60  81.6442 99.8787
 -60   70  81.3224 98.7837
 -60   80  79.8572 98.9656
 -60   90  78.8279 98.8518
 -60  100  77.9381 100.3579
 -60  110  78.0104 101.8923
 -60  120  78.6774 103.4955
 -60  130  79.3624 105.1451
 -60  140  79.8672 106.5725
 -60  150  80.1487 107.4032
 -60  160  81.0214 109.2585
 -60  170  82.0683 109.0946
 -60  180  85.3319 109.6782
 -60 -180  85.3319 109.6782
 -60 -170  85.9106 109.4040
 -60 -160  83.4507 109.1819
 -60 -150  80.4669 108.5709
 -60 -140  83.4181 108.2549
 -60 -130  91.1468 110.3876
 -60 -100  78.8779 101.5763
 -60  -90  80.3730 102.9143
 -60  -80  82.0094 103.4052
 -60  -70  83.1780 101.5280
 -60  -60  82.6880 101.1909
 -60  -50  82.3086 101.7048
 -60  -40  82.1017 102.5701
 -60  -30  81.9724 103.1815
 -60  -20  81.8170 103.8266
 -60  -10  81.1068 104.1473
 -50    0  78.2827 102.9230
 -50   10  77.6690 102.7412
 -50   20  78.5264 102.6626
 -50   30  79.1295 102.7539
 -50   40  80.9653 101.8004
 -50   50  85.1815 100.4744
 -50   60  86.4924 99.0768
 -50   70  84.0059 99.3317
 -50   80  81.3941 100.4741
 -50   90  79.8742 101.0829
 -50  100  79.2392 102.8105
 -50  110  79.4586 104.5007
 -50  120  79.9620 105.9815
 -50  130  80.5090 107.4438
 -50  140  80.8619 108.4342
 -50  150  81.2793 108.8581
 -50  160  81.5449 110.0937
 -50  170  82.5691 109.5110
 -50  180  84.2506 109.2711
 -50 -180  84.2506 109.2711
 -50 -170  82.7416 108.6350
 -50 -160  79.8309 108.3691
 -50 -150  81.5659 108.0498
 -50  -90  79.6775 101.4085
 -50  -80  82.0175 100.4858
 -50  -70  81.6964 99.5954
 -50  -60  81.4768 99.8603
 -50  -50  81.7285 100.9822
 -50  -40  82.0040 102.2705
 -50  -30  82.1412 103.2019
 -50  -20  81.6676 103.4148
 -50  -10  80.1648 103.2604
 -40   10  76.3331 100.5464
 -40   20  77.8086 100.5042
 -40   30  80.5797 101.4804
 -40   70  84.6248 100.5319
 -40   80  81.4242 101.9075
 -40   90  80.2929 103.3528
 -40  100  80.2177 105.1483
 -40  110  80.6950 106.7610
 -40  120  81.2728 108.1494
 -40  130  81.7725 109.4001
 -40  140  82.0410 109.7919
 -40  150  82.2872 109.8504
 -40  160  82.1167 110.5966
 -40  170  82.3519 109.3316
 -40  180  81.8530 108.7524
 -40 -180  81.8530 108.7524
 -40 -170  79.5086 107.8609
 -40 -160  80.2015 107.4876
 -40  -90  79.0754 99.1408
 -40  -60  80.3479 98.7303
 -40  -50  81.4181 100.6485
 -40  -40  82.1837 102.1746
 -40  -30  82.0747 102.7823
 -40  -20  80.6884 102.4573
 -40  -10  77.8546 101.4707
 -30   20  79.0160 100.0712
 -30   70  83.4230 101.3881
 -30   80  80.9510 102.9688
 -30   90  80.7402 105.3873
 -30  100  81.3287 107.1126
 -30  110  82.0975 108.6933
 -30  120  82.7811 110.0437
 -30  130  83.2008 110.9010
 -30  140  83.3389 110.9886
 -30  150  83.1201 110.5028
 -30  160  82.3291 110.6434
 -30  170  81.2294 109.3053
 -30  180  79.2576 108.1178
 -30 -180  79.2576 108.1178
 -30 -170  80.0559 107.3045
 -30 -160  88.6406 106.4145
 -30  -60  79.8573 98.6249
 -30  -50  81.5858 100.8867
 -30  -40  82.1101 101.9752
 -30  -30  81.0757 101.6896
 -20   70  81.8767 102.3752
 -20   80  80.9739 104.9599
 -20   90  81.6461 107.1076
 -20  100  82.7330 108.9916
 -20  110  83.5840 110.4269
 -20  120  84.2677 111.5138
 -20  130  84.5892 111.9214
 -20  140  84.2719 111.4972
 -20  150  83.4283 110.6693
 -20  160  81.8485 109.5037
 -20  170  79.5763 108.4764
 -20  180  79.9731 107.4013
 -20 -180  79.9731 107.4013
 -20 -170  86.8202 105.9883
 -20  -60  80.1600 99.7295
 -20  -50  81.5778 101.2908
 -20  -40  81.1042 101.2648
 -10   60  84.1356 103.4018
 -10   70  81.2789 104.0825
 -10   80  81.6675 106.8129
 -10   90  82.8597 108.7945
 -10  100  84.0283 110.4957
 -10  110  84.7780 111.7711
 -10  120  85.3688 112.4870
 -10  130  85.3041 112.2668
 -10  140  84.5353 111.3724
 -10  150  82.9730 110.1166
 -10  160  80.4819 108.8133
 -10  170  78.6925 107.6383
 -10  180  84.8421 106.0359
 -10 -180  84.8421 106.0359
 -10  -60  80.4478 100.9426
 -10  -50  80.5948 101.0351
