   0   60  85.2569 101.2543
   0   70  80.9776 105.9285
   0   80  81.4900 108.9427
   0   90  82.6767 110.7670
   0  100  83.5468 112.2327
   0  110  84.3364 113.4312
   0  120  84.5765 113.5734
   0  130  83.9659 112.8625
   0  140  82.8528 111.4215
   0  150  81.2696 109.7206
   0  160  79.4868 108.0058
   0  170  77.8672 106.7086
   0  180  88.0561 106.0135
   0 -180  88.0561 106.0135
   0  -60  79.1071 101.0005
   0  -50  78.6229 99.9778
  10   60  81.6532 104.6950
  10   70  81.3929 108.5156
  10   80  82.1324 110.6458
  10   90  82.5188 112.3915
  10  100  83.9380 113.1396
  10  110  84.3262 113.4492
  10  120  83.9668 112.9789
  10  130  82.8916 111.8494
  10  140  81.4468 110.1988
  10  150  79.9423 108.4633
  10  160  78.7314 106.9526
  10  170  84.5511 106.3230
  10  -70  78.0933 102.6029
  10  -60  77.8576 100.3427
  20   50  82.5717 103.5757
  20   60  81.0533 107.6157
  20   70  81.0013 110.3944
  20   80  81.5225 111.9000
  20   90  82.2030 113.0998
  20  100  82.8253 113.3637
  20  110  83.3454 112.7781
  20  120  82.5964 111.7351
  20  130  81.2871 110.2655
  20  140  79.8088 109.0045
  20  150  78.8137 107.3564
  20  160  78.2309 106.0042
  20  170  85.6961 105.6499
  20  -80  77.1200 103.0032
  20  -70  77.1896 102.6215
  20  -60  75.4181 98.6986
  30   40  83.5168 101.9438
  30   50  80.7105 106.7681
  30   60  80.4082 109.6107
  30   70  80.2708 111.2396
  30   80  80.5328 112.4170
  30   90  81.3847 112.8311
  30  100  81.7263 112.6780
  30  110  81.8522 111.5107
  30  120  80.8522 110.2330
  30  130  79.5302 109.2435
  30  140  78.6155 107.7739
  30  150  78.2706 106.4736
  30  160  81.3277 106.2713
  30  170  85.2685 105.4035
  30  -80  76.7694 103.2890
  30  -70  75.4484 99.8720
  40   50  79.3018 108.3809
  40  100  80.6052 111.5538
  40  110  80.2966 110.1052
  40  120  79.2479 109.0784
  40  130  78.3603 108.0017
  40  140  77.9374 106.8342
  40  150  78.3206 105.7216
  40  160  80.5679 106.1017
  40  -80  75.0197 102.7189
  40  -20  74.5338 100.0497
  40  -10  73.4445 98.5914
  50  100  79.5695 110.4315
  50  110  78.8152 109.1805
  50  120  78.1429 107.9570
  50  130  77.7211 107.0624
  50  140  77.8306 106.3390
  50  150  78.3117 106.7943
  50  160  79.5960 106.4648
  50  170  82.5310 106.8876
  50 -160  77.3625 104.7854
  50 -150  76.0766 104.3610
  50  -30  75.6423 100.6224
  50  -20  75.2648 101.6813
  60  100  78.7255 109.0951
  60  110  78.1229 108.2185
  60  120  77.5882 107.2503
  60  130  77.6555 106.7487
  60  140  78.0881 106.2386
  60  150  78.2090 106.9136
  60  160  79.0511 106.8947
  60  170  80.0388 106.4150
  60  180  80.2062 105.2732
  60 -180  80.2062 105.2732
  60 -170  78.6244 105.8002
  60 -160  78.2218 106.6857
  60  -30  76.5451 102.4009
  60  -20  75.5905 102.7709
  70   90  78.0304 110.4557
  70  100  78.0085 108.8367
  70  110  78.0232 107.0721
  70  120  77.7164 106.6845
  70  130  77.9096 106.6049
  70  140  78.5799 106.6108
  70  150  78.4626 107.2204
  70  160  79.1024 106.3990
  70  170  79.4032 105.9550
  70  180  79.0624 106.0199
  70 -180  79.0624 106.0199
  70 -170  79.0292 105.1352
  70  -40  77.1089 102.5111
  70  -30  76.6263 102.9155
  80   90  78.5246 108.5049
  80  100  78.8953 106.2478
  80  110  78.5727 105.9493
  80  120  78.5087 106.5379
  80  130  78.7090 106.9760
  80  140  78.6298 107.5505
  80  150  78.9092 106.9699
  80  160  79.1787 105.9499
  80  170  79.2061 106.0473
  80  180  79.4108 104.7381
  80 -180  79.4108 104.7381
  80 -170  77.8227 104.9867
  90  100  80.9298 103.1884
  90  110  79.5413 104.6992
  90  120  79.3076 106.8777
  90  130  79.4186 107.2217
  90  140  79.4533 106.5417
  90  150  79.1500 106.3046
  90  160  79.3208 106.1514
  90  170  80.0482 104.6372
  90  180  78.6664 105.2058
  90 -180  78.6664 105.2058
 100  110  79.8712 106.0451
 100  120  79.5240 107.8176
 100  130  79.3903 107.1104
 100  140  79.1101 106.3156
 100  150  79.1797 106.4181
 100  160  78.9069 106.3939
 100  170  78.7944 104.3659
 110  100  79.7866 106.2685
 110  110  79.5671 107.4444
 110  120  79.0670 107.7335
 110  130  78.8939 106.9480
 110  140  78.5973 106.7198
 110  150  78.3077 106.4780
 110  160  78.5126 105.3318
 120  100  78.7959 107.2756
 120  110  78.8363 107.6866
 120  120  78.6494 107.3511
 120  130  78.4575 107.5359
 120  140  78.0991 108.7910
 120  150  78.1922 108.1002
 130   90  78.1296 107.3636
 130  100  78.7159 107.2089
 130  110  78.6712 107.3730
 130  120  78.5758 108.5489
 130  130  78.4856 109.8821
 130  140  78.3559 110.6561
 130  150  78.5968 109.6666
 140   80  78.8818 106.6560
 140   90  79.0127 106.7785
 140  100  78.9864 107.3834
 140  110  79.0729 108.9270
 140  120  79.1251 110.6323
 140  130  79.2844 111.5097
 140  140  79.3006 111.1317
 150   70  78.5418 105.2908
 150   80  79.0927 106.4393
 150   90  79.3858 107.7133
 150  100  79.5457 109.5425
 150  110  79.6811 111.0990
 150  120  79.9863 111.7845
 150  130  80.3176 111.2609
 150  140  80.1430 110.4268
 160   60  77.1749 105.1201
 160   70  78.9943 106.6701
 160   80  79.5187 107.9743
 160   90  79.6938 109.5168
 160  100  79.9053 110.8715
 160  110  80.1384 111.3697
 160  120  80.2658 110.6276
 160  130  80.0918 109.6947
 160  140  79.2376 106.4920
 160  150  78.9116 102.2901
 170   50  77.3979 104.8001
 170   60  78.6620 106.7771
 170   70  79.3653 107.8228
 170   80  79.5569 108.8586
 170   90  79.7159 109.8532
 170  100  79.7974 110.0579
 170  110  79.6012 109.3411
 170  120  79.1460 107.8654
 170  130  78.5836 106.8648
 170  140  79.1299 103.0826
 170  150  78.9355 103.0743
 170  -80  83.2231 102.1656
 180   40  76.9663 105.4221
 180   50  79.9367 104.6444
 180   60  81.2737 107.4822
 180   70  79.2690 107.8100
 180   80  79.4186 108.3903
 180   90  79.0824 108.3749
 180  100  78.7578 107.7743
 180  110  78.1020 106.5975
 180  120  77.6057 105.6342
 180  130  76.7275 104.2081
 180  140  77.3896 101.4502
 180  -90  83.8929 103.9338
-180   40  76.9663 105.4221
-180   50  79.9367 104.6444
-180   60  81.2737 107.4822
-180   70  79.2690 107.8100
-180   80  79.4186 108.3903
-180   90  79.0824 108.3749
-180  100  78.7578 107.7743
-180  110  78.1020 106.5975
-180  120  77.6057 105.6342
-180  130  76.7275 104.2081
-180  140  77.3896 101.4502
-180  -90  83.8929 103.9338
-170   30  77.1831 105.1679
-170   40  78.9519 104.9479
-170   50  80.9482 104.4082
-170   60  81.8660 104.1197
-170   70  81.7276 104.6615
-170   80  79.1849 105.0042
-170   90  78.5818 105.4271
-170  100  77.6256 105.3995
-170  110  76.4295 104.6346
-170  120  75.2763 103.4789
-170  130  75.8822 101.7749
-170  140  76.3073 100.7100
-170 -100  84.1016 104.9174
-170  -90  83.9616 105.6889
-160   20  77.5338 104.8511
-160   30  78.3516 104.4982
-160   40  80.2186 104.5000
-160   50  81.9125 104.1794
-160   60  82.2401 104.3554
-160   70  80.9791 104.5816
-160   80  78.4221 104.6355
-160   90  77.0660 104.2767
-160  100  75.6091 103.7937
-160  110  74.1590 102.9253
-160  120  73.0696 101.2139
-160  130  72.7367 100.4272
-160  140  74.3530 99.3461
-160 -110  84.2092 108.9343
-160 -100  83.7558 106.3883
-160  -90  84.1550 106.4035
-150   10  77.8032 104.4603
-150   20  78.1134 104.2567
-150   30  79.3051 104.0396
-150   40  81.5906 104.0166
-150   50  82.6924 104.1580
-150   60  81.7693 104.5091
-150   70  78.8166 104.5594
-150   80  77.2563 103.8119
-150   90  75.4997 102.8616
-150  100  73.5585 101.8757
-150  110  71.9225 100.9395
-150  120  70.7940 99.6994
-150  130  70.9893 99.6381
-150  140  72.6242 99.5681
-150 -170  81.7601 106.2328
-150 -160  81.7962 105.9105
-150 -130  86.7566 107.7959
-150 -120  85.1418 109.3755
-150 -110  83.9219 109.5685
-150 -100  83.4683 107.0440
-150  -90  83.9973 106.9999
-150  -50  81.7891 103.7244
-150  -40  80.6666 105.1250
-140    0  78.0104 104.9612
-140   10  78.2809 104.0068
-140   20  78.5765 103.7900
-140   30  80.7451 103.6782
-140   40  82.6417 104.0494
-140   50  82.6079 104.3660
-140   60  80.8141 104.2085
-140   70  77.8515 103.9867
-140   80  75.7723 102.6405
-140   90  73.6907 101.0214
-140  100  71.6296 99.5801
-140  110  69.8543 98.3366
-140  120  69.0192 97.2966
-140  130  69.6128 97.3010
-140  140  71.3378 97.0849
-140  150  74.4297 99.3307
-140  160  80.3816 98.5936
-140  170  81.1339 103.1148
-140  180  80.8669 105.3110
-140 -180  80.8669 105.3110
-140 -170  82.6372 105.9420
-140 -160  83.5790 106.6341
-140 -150  86.0540 107.7257
-140 -140  87.0869 109.0979
-140 -130  86.3607 109.7530
-140 -120  84.5162 109.9735
-140 -110  81.5305 107.4848
-140 -100  83.1408 107.4812
-140  -90  83.7340 107.0339
-140  -80  83.2159 106.0349
-140  -70  82.1478 104.9979
-140  -60  81.0026 104.3016
-140  -50  80.7599 103.9212
-140  -40  80.2129 104.3665
-140  -30  78.0536 105.9544
-140  -20  77.2239 105.9857
-140  -10  77.7889 105.3760
-130    0  78.8498 104.1567
-130   10  78.8757 103.7475
-130   20  79.9434 103.3584
-130   30  81.9934 103.8336
-130   40  83.0501 104.3716
-130   50  81.8923 104.4164
-130   60  79.2236 103.7978
-130   70  76.5058 103.0121
-130   80  74.1110 101.0381
-130   90  71.9410 99.0090
-130  100  69.9401 97.1130
-130  110  68.2388 95.7205
-130  120  67.8634 94.8115
-130  130  68.5430 95.8470
-130  140  70.1482 97.0795
-130  150  72.3351 99.1061
-130  160  76.8520 101.2606
-130  170  79.0156 103.5126
-130  180  80.8067 104.8869
-130 -180  80.8067 104.8869
-130 -170  82.1571 106.1204
-130 -160  84.7945 107.3805
-130 -150  86.9504 108.6546
-130 -140  87.5166 109.9734
-130 -130  85.8394 110.3687
-130 -120  83.8370 110.3187
-130 -110  81.1690 107.8154
-130 -100  82.8002 107.9963
-130  -90  83.2443 107.2042
-130  -80  82.4529 105.9055
-130  -70  81.4004 104.5771
-130  -60  80.7736 103.7980
-130  -50  80.7027 103.5088
-130  -40  80.4760 104.0179
-130  -30  79.0845 104.7790
-130  -20  78.7394 105.2299
-130  -10  78.6388 104.7638
-120    0  78.8500 103.8206
-120   10  79.3413 103.4533
-120   20  81.1630 103.3310
-120   30  82.7309 104.1151
-120   40  82.5186 104.4824
-120   50  80.4244 104.2409
-120   60  77.6421 103.6296
-120   70  74.9899 101.5430
-120   80  72.6114 99.2829
-120   90  70.5494 97.0800
-120  100  68.7822 95.0074
-120  110  67.6630 94.0256
-120  120  67.5476 93.2891
-120  130  68.7363 95.6925
-120  140  70.5949 96.8440
-120  150  73.0145 99.1586
-120  160  76.1402 101.4753
-120  170  78.7437 103.5601
-120  180  80.9131 104.9658
-120 -180  80.9131 104.9658
-120 -170  82.7735 106.3344
-120 -160  85.9907 108.1657
-120 -150  87.9426 109.7947
-120 -140  87.3303 110.6381
-120 -130  84.7354 110.5276
-120 -120  79.5782 107.6538
-120 -110  81.6281 107.8918
-120 -100  83.0224 107.6976
-120  -90  82.8279 106.7641
-120  -80  81.8024 105.2184
-120  -70  80.9516 104.0579
-120  -60  80.6747 103.3131
-120  -50  80.7964 103.2097
-120  -40  80.7851 103.7842
-120  -30  80.5975 104.5475
-120  -20  80.1788 104.4852
-120  -10  79.3767 104.2933
-110    0  79.1269 103.4791
-110   10  80.4259 103.2196
-110   20  82.1000 103.8558
-110   30  82.6957 104.4997
-110   40  81.5057 104.6007
-110   50  78.7619 103.6826
-110   60  76.3392 102.5581
-110   70  73.7936 100.2461
-110   80  71.6601 97.8518
-110   90  69.8866 95.5509
-110  100  68.4739 93.7997
-110  110  67.8234 93.1795
-110  120  68.0252 93.3295
-110  130  69.7214 96.1625
-110  140  71.8448 97.8271
-110  150  74.2215 99.7347
-110  160  76.5926 102.1516
-110  170  77.9717 103.2382
-110  180  81.4917 105.5279
-110 -180  81.4917 105.5279
-110 -170  84.2967 107.4784
-110 -160  87.2139 109.0696
-110 -150  88.1807 110.5387
-110 -140  86.1664 110.7685
-110 -130  83.5669 110.5605
-110 -120  80.0229 107.5883
-110 -110  81.8742 107.6945
-110 -100  83.1332 107.3134
-110  -90  82.6019 106.0681
-110  -80  81.4642 104.5019
-110  -70  80.8228 103.4132
-110  -60  80.8092 103.0854
-110  -50  81.2462 103.2438
-110  -40  81.3566 103.8620
-110  -30  81.0412 104.3335
-110  -20  80.1589 104.1498
-110  -10  79.2432 103.8491
-100    0  79.6418 103.3473
-100   10  81.3599 103.6648
-100   20  82.3378 104.4535
-100   30  81.9536 104.7444
-100   40  79.9980 104.2425
-100   50  77.8837 103.4523
-100   60  75.4910 101.5064
-100   70  73.3633 99.0812
-100   80  71.6648 96.8852
-100   90  70.2436 94.8241
-100  100  69.2404 93.5242
-100  110  68.8063 93.3049
-100  120  69.2013 94.0020
-100  130  70.7409 95.8756
-100  140  72.5670 97.2014
-100  150  74.6708 99.9236
-100  160  76.2467 102.1633
-100  170  78.7925 104.5952
-100  180  82.0224 106.4102
-100 -180  82.0224 106.4102
-100 -170  85.6005 108.6790
-100 -160  87.8526 110.0689
-100 -150  87.2182 110.7604
-100 -140  84.7532 110.7303
-100 -130  83.1574 110.5110
-100 -120  83.8737 110.0704
-100 -110  84.1573 109.4040
-100 -100  82.9763 107.9757
-100  -90  83.4064 105.5749
-100  -80  81.5244 103.7837
-100  -70  81.0164 103.0105
-100  -60  81.2667 102.9007
-100  -50  81.8496 103.1264
-100  -40  81.7670 103.7003
-100  -30  81.1626 104.0913
-100  -20  80.1368 103.5865
-100  -10  79.3998 103.4205
 -90    0  80.8069 103.8270
 -90   10  81.7315 104.3135
 -90   20  81.8028 104.7797
 -90   30  80.5669 104.5769
 -90   40  78.5676 103.7509
 -90   50  77.1748 102.5952
 -90   60  75.3422 100.5277
 -90   70  73.8768 98.4121
 -90   80  72.7388 96.2872
 -90   90  71.6934 94.6959
 -90  100  70.9610 94.1233
 -90  110  70.7521 94.5333
 -90  120  71.2622 95.7984
 -90  130  72.4015 97.6605
 -90  140  74.3148 99.7350
 -90  150  75.8215 101.6544
 -90  160  77.0260 103.2690
 -90  170  80.1562 106.8059
 -90  180  82.6490 107.6208
 -90 -180  82.6490 107.6208
 -90 -170  86.3959 109.6946
 -90 -160  87.5327 110.5718
 -90 -150  85.9365 110.5760
 -90 -140  83.3775 110.5706
 -90 -130  83.5980 110.2103
 -90 -120  84.7274 109.7339
 -90 -110  83.8921 108.6526
 -90 -100  81.9963 107.1142
 -90  -90  80.7229 105.7054
 -90  -80  81.8947 103.6170
 -90  -70  81.4840 103.0869
 -90  -60  81.9848 102.7877
 -90  -50  82.3867 102.9067
 -90  -40  81.8425 103.6572
 -90  -30  80.9970 103.7362
 -90  -20  79.9960 103.6061
 -90  -10  79.5733 103.6162
 -80    0  81.3519 104.2208
 -80   10  81.5821 104.5734
 -80   20  80.7679 104.6724
 -80   30  79.2024 104.1574
 -80   40  77.9822 103.4302
 -80   50  76.8641 101.7917
 -80   60  75.8518 99.9141
 -80   70  75.3469 98.1174
 -80   80  74.7813 96.3406
 -80   90  73.8846 95.4812
 -80  100  73.1741 95.5778
 -80  110  73.0120 96.4709
 -80  120  73.4828 98.1307
 -80  130  74.4801 100.2383
 -80  140  75.7224 102.3565
 -80  150  77.0643 104.0436
 -80  160  78.3776 105.3110
 -80  170  80.7185 108.1696
 -80  180  84.0844 109.4183
 -80 -180  84.0844 109.4183
 -80 -170  86.4213 110.2166
 -80 -160  86.2313 110.5578
 -80 -150  83.8588 110.2401
 -80 -140  82.7304 109.9945
 -80 -130  84.5912 110.0207
 -80 -120  84.5404 109.2746
 -80 -110  82.6868 107.8318
 -80 -100  80.7777 106.4258
 -80  -90  80.2372 105.2919
 -80  -80  82.4025 103.8379
 -80  -70  82.3100 102.9848
 -80  -60  82.5246 102.4330
 -80  -50  82.4366 102.6898
 -80  -40  81.6060 103.4642
 -80  -30  80.6402 103.5534
 -80  -20  79.9160 103.5270
 -80  -10  79.9553 103.7477
 -70    0  81.5528 104.3172
 -70   10  80.9037 104.2766
 -70   20  79.5340 104.1442
 -70   30  77.8514 103.7407
 -70   40  77.4833 102.6369
 -70   50  76.9960 101.3311
 -70   60  76.5575 100.1562
 -70   70  76.7319 98.6416
 -70   80  76.2984 97.5612
 -70   90  76.4119 96.6558
 -70  100  75.4101 97.5825
 -70  110  75.1207 99.0258
 -70  120  75.5240 100.7530
 -70  130  76.3240 102.8392
 -70  140  77.3001 104.8801
 -70  150  78.3782 106.2814
 -70  160  79.3400 108.0071
 -70  170  81.1167 109.3639
 -70  180  84.1949 110.1347
 -70 -180  84.1949 110.1347
 -70 -170  85.1395 110.3289
 -70 -160  84.0544 110.1085
 -70 -150  81.9741 109.6324
 -70 -140  82.4452 109.2804
 -70 -130  84.7751 108.6023
 -70 -120  83.3626 108.2301
 -70 -110  80.7874 106.4374
 -70 -100  79.7182 105.4681
 -70  -90  80.2104 104.9476
 -70  -80  82.5633 103.1870
 -70  -70  82.5630 102.1840
 -70  -60  82.3613 101.7205
 -70  -50  81.9019 102.0873
 -70  -40  81.1187 102.5562
 -70  -30  80.4982 102.8685
 -70  -20  80.1847 103.9664
 -70  -10  80.3386 104.1971
 -60    0  80.9820 104.0472
 -60   10  79.4804 103.7790
 -60   20  77.9058 103.0610
 -60   30  77.1095 102.5374
 -60   40  77.2367 101.8576
 -60   50  77.6641 101.2012
 -60   60  79.4563 100.0603
 -60   70  80.2011 98.9492
 -60   80  79.1485 98.8958
 -60   90  78.5228 98.5376
 -60  100  77.2648 100.3188
 -60  110  76.9046 101.8356
 -60  120  77.2847 103.5245
 -60  130  77.9495 105.4315
 -60  140  78.7101 107.0799
 -60  150  79.5796 108.1249
 -60  160  79.7566 110.4325
 -60  170  81.2639 109.9942
 -60  180  83.3092 110.3513
 -60 -180  83.3092 110.3513
 -60 -170  83.4940 110.0129
 -60 -160  81.9442 109.3831
 -60 -150  81.5486 108.9987
 -60 -140  84.1448 108.3220
 -60 -130  87.9348 107.6853
 -60 -120  81.0809 106.3122
 -60 -110  78.6510 104.2116
 -60 -100  78.8907 104.0367
 -60  -90  80.1053 103.9364
 -60  -80  82.2366 101.6974
 -60  -70  81.8719 100.5711
 -60  -60  81.4395 100.2001
 -60  -50  81.0550 100.8174
 -60  -40  80.7421 101.7220
 -60  -30  80.5562 103.4038
 -60  -20  80.5692 103.9163
 -60  -10  80.4182 104.0088
 -50    0  79.3405 102.6742
 -50   10  77.1788 101.7029
 -50   20  75.7126 100.9969
 -50   30  76.4671 101.1865
 -50   40  77.4884 101.4506
 -50   50  81.2177 100.8620
 -50   60  84.5584 99.2657
 -50   70  83.7299 99.5820
 -50   80  81.3465 100.4278
 -50   90  79.7154 100.7827
 -50  100  78.5006 103.0117
 -50  110  78.3695 104.7468
 -50  120  78.8302 106.3061
 -50  130  79.4185 107.8603
 -50  140  80.0389 109.0112
 -50  150  80.6832 109.5302
 -50  160  80.2408 111.0973
 -50  170  81.3235 110.8242
 -50  180  82.1592 110.0696
 -50 -180  82.1592 110.0696
 -50 -170  81.4927 109.2763
 -50 -160  80.9016 108.5856
 -50 -150  83.0662 108.0760
 -50 -140  88.5087 107.4839
 -50 -130  85.7433 108.5670
 -50 -110  76.4882 100.9656
 -50 -100  77.9758 102.0129
 -50  -90  79.4487 102.0456
 -50  -80  80.7658 99.1137
 -50  -70  80.1129 97.5403
 -50  -60  79.8903 98.2106
 -50  -50  80.2150 100.0836
 -50  -40  80.6426 102.0461
 -50  -30  80.8542 102.8302
 -50  -20  80.8286 103.6012
 -50  -10  80.0400 103.3321
 -40   30  76.1290 100.2779
 -40   40  82.4550 101.0284
 -40   70  85.1358 101.2831
 -40   80  82.0223 102.3444
 -40   90  80.0353 103.2637
 -40  100  79.3445 105.6278
 -40  110  79.6928 107.5640
 -40  120  80.3229 108.8261
 -40  130  80.8577 110.0252
 -40  140  81.3682 110.6275
 -40  150  81.6243 110.7534
 -40  160  80.8166 111.3160
 -40  170  80.9377 110.6157
 -40  180  80.6158 109.4898
 -40 -180  80.6158 109.4898
 -40 -170  80.1372 108.3331
 -40 -160  81.9039 107.6742
 -40 -150  87.7244 107.2076
 -40 -100  77.0227 99.7574
 -40  -90  79.0099 97.6932
 -40  -50  79.8736 99.5562
 -40  -40  80.8079 101.8883
 -40  -30  81.1735 102.9435
 -40  -20  80.6577 103.1275
 -30   70  85.0007 106.1142
 -30   80  81.4645 104.1354
 -30   90  80.0048 105.3638
 -30  100  80.1245 107.7105
 -30  110  80.9469 109.7582
 -30  120  81.7198 110.9318
 -30  130  82.2661 111.7913
 -30  140  82.5384 111.9182
 -30  150  82.3627 111.4078
 -30  160  81.4889 110.3184
 -30  170  80.3955 110.0087
 -30  180  79.8107 108.5038
 -30 -180  79.8107 108.5038
 -30 -170  81.1063 107.5055
 -30 -160  86.3343 106.9234
 -30  -50  80.1170 100.5736
 -30  -40  81.1371 102.1372
 -30  -30  80.6555 102.9234
 -20   70  83.8562 103.2348
 -20   80  80.5173 105.0276
 -20   90  80.3614 107.1513
 -20  100  81.2128 109.4910
 -20  110  82.3839 111.4499
 -20  120  83.2006 112.5041
 -20  130  83.5413 112.8605
 -20  140  83.4388 112.3286
 -20  150  82.6286 111.3663
 -20  160  81.1113 110.1701
 -20  170  78.9524 108.7889
 -20  180  80.8785 107.5519
 -20 -180  80.8785 107.5519
 -20 -170  85.1330 106.7189
 -20  -50  80.2942 101.2305
 -20  -40  80.6770 102.1305
 -10   70  81.8780 104.1721
 -10   80  80.5889 106.9444
 -10   90  81.4444 109.0789
 -10  100  82.7589 110.9964
 -10  110  83.7208 112.6618
 -10  120  84.2515 113.3995
 -10  130  84.3198 113.2792
 -10  140  83.6003 112.1965
 -10  150  82.2201 110.7262
 -10  160  80.4399 109.3209
 -10  170  78.3358 107.8439
 -10  180  76.6928 106.4957
 -10 -180  76.6928 106.4957
 -10 -170  90.9011 106.0978
 -10  -60  79.1642 100.2652
 -10  -50  80.0284 101.2038
