   0   50  74.9511 101.7605
   0   60  77.2349 100.1784
   0  160  71.3222 100.3308
   0  170  74.7152 102.3849
   0  180  77.0920 104.9578
   0 -180  77.0920 104.9578
   0 -170  78.7541 106.9661
   0 -160  80.0285 108.6004
   0 -150  81.0810 110.1963
   0 -140  82.0198 111.9056
   0 -130  82.7327 113.3948
   0 -120  82.9564 113.7967
   0 -110  82.6110 113.8855
   0 -100  81.9779 113.3889
   0  -90  81.0429 112.4019
   0  -80  80.5655 109.8667
   0  -70  80.5510 107.0092
   0  -60  82.5141 104.7199
  10   40  75.1711 102.1982
  10   50  77.5688 101.9317
  10  130  71.5239 98.5635
  10  150  70.0729 99.7210
  10  160  73.3223 102.7090
  10  170  76.1264 105.0203
  10  180  78.4308 106.1993
  10 -180  78.4308 106.1993
  10 -170  79.7613 108.0001
  10 -160  80.7903 109.3595
  10 -150  81.7376 111.0871
  10 -140  82.4621 112.5753
  10 -130  82.7656 113.7058
  10 -120  82.5034 113.8504
  10 -110  81.7647 113.6976
  10 -100  81.0542 112.7458
  10  -90  80.3495 110.9831
  10  -80  80.6546 108.0926
  10  -70  81.7032 106.1346
  10  -60  81.6873 102.0389
  20   30  75.2444 103.6716
  20   40  77.4113 103.4947
  20   50  79.1230 100.2310
  20  120  73.3087 100.2724
  20  130  70.5349 98.8898
  20  150  72.1169 103.6035
  20  160  75.0254 104.8069
  20  170  77.1979 106.1600
  20  180  79.1439 107.1037
  20 -180  79.1439 107.1037
  20 -170  80.1134 108.6542
  20 -160  81.0168 109.9147
  20 -150  81.6859 111.5631
  20 -140  82.0230 112.8676
  20 -130  81.9065 113.3762
  20 -120  81.2253 113.4501
  20 -110  80.5453 112.8493
  20 -100  80.0737 111.4079
  20  -90  80.4814 109.4870
  20  -80  80.1058 107.4985
  20  -70  82.5720 104.8072
  20  -20  78.7870 103.8458
  30   30  77.0804 104.0447
  30   40  78.3811 102.8756
  30  110  75.9629 102.9355
  30  120  72.4709 101.2375
  30  170  77.5425 106.8858
  30  180  79.1732 107.4948
  30 -180  79.1732 107.4948
  30 -170  79.9602 108.9793
  30 -160  80.5014 110.0837
  30 -150  80.8646 111.4802
  30 -140  80.9008 112.4192
  30 -130  80.4279 112.6519
  30 -120  79.8455 112.5846
  30 -110  79.3895 111.5886
  30 -100  79.5758 110.1358
  30  -90  80.6633 108.0224
  30  -80  80.6773 106.8257
  30  -70  82.9707 103.0218
  30  -30  80.5430 104.9615
  30  -20  72.9536 101.7615
  40   30  77.4270 104.2114
  40   40  78.2540 101.7718
  40  100  78.5968 106.0861
  40  110  74.1134 103.7938
  40  170  77.3526 107.0373
  40  180  78.6443 107.5187
  40 -180  78.6443 107.5187
  40 -170  78.9832 108.6738
  40 -160  79.3071 109.8214
  40 -150  79.5434 110.8149
  40 -140  79.3336 111.4770
  40 -130  79.0561 111.6862
  40 -120  78.8004 111.2906
  40 -110  78.7926 110.2132
  40 -100  79.3723 108.8736
  40  -90  79.3915 108.1934
  40  -80  80.5280 105.5777
  40  -70  83.1500 103.6066
  40  -60  86.7808 103.1295
  40  -40  80.9897 105.0059
  40  -30  75.4271 104.7278
  40  -20  72.2892 103.2941
  50  100  75.4171 106.2507
  50  170  76.2040 107.2323
  50 -160  77.7292 109.0949
  50 -150  78.0405 110.1193
  50 -140  78.3015 110.5418
  50 -130  78.3604 110.6249
  50 -120  78.3670 109.8232
  50 -110  78.5734 109.1275
  50 -100  78.8548 107.6570
  50  -90  79.7065 107.5182
  50  -80  80.7099 105.7323
  50  -70  82.1574 105.1914
  50  -60  83.4992 105.0984
  50  -50  81.5329 106.5748
  50  -40  77.1690 107.5475
  50  -30  74.2990 106.7839
  50  -20  72.5500 105.1719
  60   90  76.6864 107.5870
  60 -160  76.8414 108.4636
  60 -150  77.7133 109.2349
  60 -140  77.9735 109.5689
  60 -130  78.1240 109.0665
  60 -120  78.3262 108.7712
  60 -110  78.4660 108.0094
  60 -100  78.7543 106.7709
  60  -90  79.7927 107.7422
  60  -80  79.9871 107.0832
  60  -70  80.7899 106.3433
  60  -60  80.5836 107.8324
  60  -50  78.2844 109.4370
  60  -40  75.7050 109.6336
  60  -30  74.5727 107.3862
  70   80  77.6195 107.7132
  70 -160  77.0514 107.8570
  70 -150  77.6931 108.4067
  70 -140  77.9752 108.1300
  70 -130  78.1811 108.0512
  70 -120  78.3769 107.8460
  70 -110  78.4965 107.3490
  70 -100  79.0422 106.9501
  70  -90  79.3765 108.2616
  70  -80  79.3926 107.3100
  70  -70  79.4896 108.8616
  70  -60  78.5510 110.7948
  70  -50  76.8413 111.4327
  70  -40  75.9512 109.4769
  80   70  77.0761 106.1821
  80 -170  76.2346 105.9521
  80 -160  77.5465 106.7813
  80 -150  78.1095 107.0671
  80 -140  78.2741 107.1478
  80 -130  78.4088 107.4431
  80 -120  78.5805 107.3446
  80 -110  78.9047 107.2692
  80 -100  79.7805 108.3184
  80  -90  79.6051 108.0810
  80  -80  78.7221 109.3057
  80  -70  78.5871 111.4178
  80  -60  77.4801 112.4076
  80  -50  77.2404 110.4032
  90 -170  77.1947 103.5718
  90 -160  78.1111 104.4176
  90 -150  78.3194 105.0659
  90 -140  78.4159 105.9671
  90 -130  78.7041 107.4267
  90 -120  79.0638 107.3329
  90 -110  79.2503 107.1617
  90 -100  79.4428 107.5132
  90  -90  78.7174 109.3693
  90  -80  78.1308 111.2255
  90  -70  77.5247 112.5251
  90  -60  77.1469 110.4588
 100 -160  78.1166 103.6888
 100 -150  78.6177 104.9054
 100 -140  78.6557 106.1230
 100 -130  78.8812 107.4983
 100 -120  79.3415 107.1640
 100 -110  78.9445 107.1918
 100 -100  78.4594 107.4169
 100  -90  78.1403 110.7402
 100  -80  77.7665 110.8341
 100  -70  78.1645 110.5402
 110 -150  78.7639 105.5521
 110 -140  78.8408 106.1470
 110 -130  78.9487 107.0410
 110 -120  79.0483 106.8636
 110 -110  78.6008 107.2696
 110 -100  78.6178 108.4506
 110  -90  78.1894 110.3459
 110  -80  78.9577 111.7184
 120 -160  78.9019 105.0232
 120 -150  79.0365 105.2017
 120 -140  79.1481 106.1645
 120 -130  79.1209 106.2928
 120 -120  79.0681 106.6678
 120 -110  78.9134 107.9472
 120 -100  79.2111 109.8549
 120  -90  79.7852 111.8993
 130 -160  79.4748 104.2200
 130 -150  79.6259 104.8549
 130 -140  79.7319 105.2610
 130 -130  79.8723 106.2472
 130 -120  79.8194 107.9232
 130 -110  79.7736 109.9181
 130 -100  80.1535 111.1306
 130  -90  80.1117 112.2633
 140 -170  80.1292 102.8564
 140 -160  80.3751 103.5795
 140 -150  80.5336 104.1154
 140 -140  80.5714 105.1388
 140 -130  80.7981 107.5948
 140 -120  80.9556 109.7389
 140 -110  81.5313 111.0600
 140 -100  81.5806 112.1279
 150  180  80.8176 101.9033
 150 -180  80.8176 101.9033
 150 -170  81.2011 102.5847
 150 -160  81.1025 103.1990
 150 -150  81.3647 104.8667
 150 -140  81.7080 107.1429
 150 -130  82.2152 109.5792
 150 -120  82.7955 110.7336
 150 -110  82.6311 110.7460
 150 -100  81.7386 111.1341
 160  170  81.7880 102.3275
 160  180  81.7587 102.1032
 160 -180  81.7587 102.1032
 160 -170  81.7733 103.1770
 160 -160  82.0869 105.0013
 160 -150  82.4757 106.8977
 160 -140  82.8974 108.9774
 160 -130  83.2076 110.0222
 160 -120  82.9113 110.3444
 160 -110  82.3276 110.9051
 160 -100  81.2300 108.4821
 160  -90  82.2362 105.3178
 170  160  81.6925 102.6012
 170  170  81.8771 102.0746
 170  180  82.1627 103.4790
 170 -180  82.1627 103.4790
 170 -170  82.6196 104.9705
 170 -160  82.9810 106.5618
 170 -150  83.1643 108.1706
 170 -140  83.1529 109.0095
 170 -130  82.5747 109.2177
 170 -120  81.5801 108.8588
 170 -110  80.8691 109.0295
 170 -100  81.7780 105.6581
 170  -90  80.8990 102.0849
 180   30  82.5383 104.8295
 180  150  81.4280 103.3916
 180  160  81.6404 102.8398
 180  170  82.2837 102.1509
 180  180  82.7954 104.5953
 180 -180  82.7954 104.5953
 180 -170  83.1599 105.7518
 180 -160  83.1479 106.8044
 180 -150  82.9280 107.6337
 180 -140  82.1262 107.8740
 180 -130  80.8704 107.7619
 180 -120  79.8058 107.2054
 180 -110  79.4634 105.9522
 180 -100  78.2126 104.4963
-180   30  82.5383 104.8295
-180  150  81.4280 103.3916
-180  160  81.6404 102.8398
-180  170  82.2837 102.1509
-180  180  82.7954 104.5953
-180 -180  82.7954 104.5953
-180 -170  83.1599 105.7518
-180 -160  83.1479 106.8044
-180 -150  82.9280 107.6337
-180 -140  82.1262 107.8740
-180 -130  80.8704 107.7619
-180 -120  79.8058 107.2054
-180 -110  79.4634 105.9522
-180 -100  78.2126 104.4963
-170   20  81.7340 104.7402
-170  140  82.8590 104.8685
-170  150  81.3978 103.8917
-170  160  81.9506 103.0073
-170  170  82.7594 102.3227
-170  180  83.3576 102.2265
-170 -180  83.3576 102.2265
-170 -170  83.4767 102.8431
-170 -160  83.1505 103.9225
-170 -150  82.3134 104.9523
-170 -140  80.8322 105.7825
-170 -130  78.9715 106.2505
-170 -120  76.9934 105.9809
-170 -110  76.2993 104.8687
-170 -100  76.0293 101.6706
-160    0  82.1736 107.6315
-160   10  80.3106 106.2050
-160   20  81.8371 105.4652
-160   90  80.3154 106.1743
-160  120  84.8934 107.3211
-160  130  83.3799 106.5503
-160  140  82.3391 105.4345
-160  150  81.6978 104.0526
-160  160  82.3860 103.2707
-160  170  83.1890 102.7050
-160  180  83.4631 102.8910
-160 -180  83.4631 102.8910
-160 -170  82.9771 103.2585
-160 -160  81.9524 103.8990
-160 -150  80.3976 104.4566
-160 -140  78.4035 104.8484
-160 -130  76.3306 105.1456
-160 -120  74.2259 103.9920
-160 -110  74.0818 104.5398
-160 -100  74.5033 98.8147
-150    0  78.3267 106.5756
-150   10  80.4409 106.3550
-150   20  82.0088 107.0373
-150   80  80.4142 107.0941
-150   90  83.9391 108.7877
-150  100  86.6864 109.7706
-150  110  86.2437 109.1799
-150  120  84.4942 108.0134
-150  130  82.7521 106.6906
-150  140  81.9169 105.5268
-150  150  82.0461 104.1674
-150  160  82.8183 103.5243
-150  170  83.3624 103.3627
-150  180  82.9554 103.2578
-150 -180  82.9554 103.2578
-150 -170  81.8009 103.2126
-150 -160  80.1687 103.2310
-150 -150  78.1446 103.4035
-150 -140  75.8918 103.4869
-150 -130  73.8294 103.4268
-150 -120  71.9249 103.2924
-150 -110  71.9850 102.9780
-150 -100  72.8699 102.3229
-150  -60  78.3597 108.1454
-150  -50  80.1821 107.9191
-150  -40  82.4509 107.8179
-150  -30  83.7987 108.6309
-150  -20  83.6113 108.0749
-150  -10  82.3872 108.4078
-140    0  79.4342 106.7782
-140   10  81.1178 106.4738
-140   20  82.1639 107.4577
-140   60  78.1687 107.3925
-140   70  80.2241 107.1646
-140   80  83.3560 108.7719
-140   90  86.7496 110.4796
-140  120  83.4635 107.7792
-140  130  81.7752 106.3720
-140  140  81.5928 105.0300
-140  150  82.2702 104.1480
-140  160  82.8999 103.7002
-140  170  82.8349 103.4451
-140  180  81.8245 103.1910
-140 -180  81.8245 103.1910
-140 -170  80.1921 102.8587
-140 -160  78.1325 102.3750
-140 -150  75.8022 101.9724
-140 -140  73.5455 101.7469
-140 -130  71.6744 101.5369
-140 -120  70.4736 101.5406
-140 -110  70.6794 100.6490
-140 -100  71.5478 100.5460
-140  -90  72.8702 101.7466
-140  -80  74.2126 104.1898
-140  -70  76.2374 106.1231
-140  -60  78.8673 107.8455
-140  -50  81.2385 107.8978
-140  -40  83.3161 108.7555
-140  -30  83.9290 109.3651
-140  -20  82.9750 109.0124
-140  -10  81.7291 108.7274
-130    0  81.1564 106.6258
-130   10  81.9091 105.3266
-130   20  82.8808 106.7941
-130   30  82.8543 106.9251
-130   40  82.0075 106.8988
-130   50  80.5622 106.9895
-130   60  80.5655 107.7359
-130   70  84.1006 108.1935
-130   80  85.9861 110.1713
-130  120  81.9112 107.2246
-130  130  80.6786 106.0117
-130  140  81.4278 104.5618
-130  150  82.1889 103.8285
-130  160  82.5437 103.4704
-130  170  81.8949 103.1670
-130  180  80.4438 102.8311
-130 -180  80.4438 102.8311
-130 -170  78.3644 102.1572
-130 -160  76.0016 101.2393
-130 -150  73.5555 100.3078
-130 -140  71.3861 99.5942
-130 -130  69.9696 99.2872
-130 -120  69.3975 99.9813
-130 -110  69.6593 99.6669
-130 -100  70.6072 100.2985
-130  -90  72.1130 101.9360
-130  -80  74.1755 104.0668
-130  -70  76.5547 105.9791
-130  -60  79.2553 107.7185
-130  -50  82.0327 109.0543
-130  -40  83.5618 109.6906
-130  -30  83.4998 109.6355
-130  -20  82.1909 109.0288
-130  -10  80.9240 108.6845
-120    0  80.9147 106.1071
-120   10  82.0085 106.5275
-120   20  83.5641 106.7414
-120   30  82.4939 106.8186
-120   40  81.4409 106.8032
-120   50  81.6502 107.0712
-120   60  82.9140 107.9704
-120   70  84.4583 110.0227
-120   80  87.0948 111.3961
-120  110  82.2778 108.1049
-120  120  80.2329 106.5721
-120  130  80.4328 105.0661
-120  140  81.2920 104.0161
-120  150  82.0286 103.4943
-120  160  81.8783 102.9584
-120  170  80.6795 102.6465
-120  180  78.7769 102.1520
-120 -180  78.7769 102.1520
-120 -170  76.4999 101.2268
-120 -160  74.0664 100.0812
-120 -150  71.6738 98.6454
-120 -140  69.7074 97.6271
-120 -130  68.7958 97.3206
-120 -120  68.8601 97.4049
-120 -110  69.4858 99.3036
-120 -100  70.6856 100.4941
-120  -90  72.3758 102.5513
-120  -80  74.5216 104.7826
-120  -70  77.2730 106.7987
-120  -60  80.0668 108.6506
-120  -50  82.3232 109.9067
-120  -40  83.1963 110.0543
-120  -30  82.5588 109.6032
-120  -20  81.2413 108.9120
-120  -10  81.8725 106.9225
-110    0  80.9482 106.1727
-110   10  82.4395 106.6224
-110   20  83.7851 106.5931
-110   30  82.4573 106.5367
-110   40  81.7477 106.6235
-110   50  81.8485 107.5199
-110   60  83.6944 109.0379
-110   70  84.9975 111.1756
-110  110  80.0920 107.2489
-110  120  78.7604 105.8184
-110  130  80.0830 104.3585
-110  140  81.2943 103.5693
-110  150  81.6407 102.9148
-110  160  80.8706 102.3978
-110  170  79.2927 102.0072
-110  180  77.2416 101.3850
-110 -180  77.2416 101.3850
-110 -170  74.9651 100.4350
-110 -160  72.5875 98.8366
-110 -150  70.3793 97.4190
-110 -140  68.7569 96.3006
-110 -130  68.3266 96.2866
-110 -120  68.9328 96.6184
-110 -110  70.0818 99.5709
-110 -100  71.1756 101.5694
-110  -90  73.3783 102.6832
-110  -80  75.1545 106.0135
-110  -70  77.8914 108.0983
-110  -60  80.4221 109.6587
-110  -50  82.0974 110.3916
-110  -40  82.4671 110.1341
-110  -30  81.4417 109.5016
-110  -20  80.4464 108.9023
-110  -10  79.3489 105.9562
-100    0  80.6904 107.7909
-100   10  82.7580 106.5979
-100   20  83.0196 106.5918
-100   30  81.4801 106.7135
-100   40  80.6018 106.9447
-100   50  81.2924 108.2667
-100   60  82.3254 110.1475
-100   70  84.2646 111.5734
-100  100  80.2297 108.2016
-100  110  77.9985 106.4340
-100  120  77.7566 105.1559
-100  130  80.1150 103.8659
-100  140  81.2036 103.0057
-100  150  81.0225 102.3424
-100  160  79.8421 101.8982
-100  170  78.1151 101.4866
-100  180  76.1031 100.7265
-100 -180  76.1031 100.7265
-100 -170  73.9543 99.5504
-100 -160  71.7616 97.9713
-100 -150  69.8671 96.6251
-100 -140  68.7529 95.9043
-100 -130  68.7746 95.8030
-100 -120  70.0718 96.7476
-100 -110  71.1323 98.9244
-100 -100  72.6951 102.1407
-100  -90  75.7409 104.1964
-100  -80  75.7950 107.7178
-100  -70  81.8338 108.2428
-100  -60  80.5499 110.5895
-100  -50  81.4467 110.8050
-100  -40  81.4237 110.0434
-100  -30  80.5391 109.3150
-100  -20  79.9657 108.7682
-100  -10  79.1740 105.8896
 -90    0  81.0299 107.8600
 -90   10  80.9559 107.8701
 -90   20  81.4397 106.5463
 -90   30  79.5612 106.9294
 -90   40  79.3388 107.5902
 -90   50  80.3976 108.7746
 -90   60  81.4567 110.4319
 -90   70  82.5387 110.9976
 -90   80  82.2925 110.3609
 -90   90  80.2990 108.9492
 -90  100  77.5976 107.0640
 -90  110  76.4253 105.6255
 -90  120  78.4621 104.0655
 -90  130  80.4266 103.2805
 -90  140  80.2518 103.1007
 -90  150  80.4762 101.8616
 -90  160  78.9766 101.6445
 -90  170  77.3000 101.2752
 -90  180  75.4702 100.3382
 -90 -180  75.4702 100.3382
 -90 -170  73.5015 99.0693
 -90 -160  71.5840 97.6659
 -90 -150  70.0988 96.8250
 -90 -140  69.4399 96.5559
 -90 -130  69.7567 97.0607
 -90 -120  70.8062 98.4046
 -90 -110  72.3002 100.6677
 -90 -100  74.5907 103.8388
 -90  -90  74.0226 106.8970
 -90  -80  79.9591 107.8208
 -90  -70  78.5665 110.6961
 -90  -60  80.1354 111.2250
 -90  -50  80.5877 110.7964
 -90  -40  80.3612 110.1307
 -90  -30  79.8781 109.2149
 -90  -20  79.8076 108.4255
 -90  -10  80.3964 107.7937
 -80    0  80.8044 107.0178
 -80   10  79.8502 107.2670
 -80   20  78.7135 107.7340
 -80   30  77.6307 107.1673
 -80   40  78.3223 107.9027
 -80   50  79.0954 108.7953
 -80   60  79.9734 109.7833
 -80   70  80.2427 109.6222
 -80   80  79.5410 108.7810
 -80   90  77.4371 107.6050
 -80  100  75.4917 106.1871
 -80  110  75.7033 104.8127
 -80  120  78.1468 103.9303
 -80  130  80.2706 103.0349
 -80  140  79.9463 102.3905
 -80  150  78.6098 102.3895
 -80  160  78.3579 101.7182
 -80  170  76.9255 101.4200
 -80  180  75.3266 100.4800
 -80 -180  75.3266 100.4800
 -80 -170  73.5583 99.2377
 -80 -160  71.9639 98.1180
 -80 -150  70.9010 97.7620
 -80 -140  70.6214 97.9887
 -80 -130  71.0884 99.0135
 -80 -120  72.0765 100.6936
 -80 -110  73.6555 103.1696
 -80 -100  75.0133 105.3637
 -80  -90  78.2821 107.4655
 -80  -80  80.0885 109.6403
 -80  -70  78.4099 111.7292
 -80  -60  79.4612 111.6163
 -80  -50  79.7855 110.8594
 -80  -40  79.5555 110.0226
 -80  -30  79.6602 108.9902
 -80  -20  80.0749 107.8694
 -80  -10  80.7602 107.0603
 -70    0  80.1088 105.7567
 -70   10  78.5261 106.2281
 -70   20  77.3932 107.4139
 -70   30  76.4318 107.2619
 -70   40  77.3992 107.6693
 -70   50  77.3738 108.0104
 -70   60  78.0100 108.4218
 -70   70  77.8004 107.8545
 -70   80  76.7686 107.3139
 -70   90  74.9031 106.5382
 -70  100  74.1423 105.3841
 -70  110  75.9390 104.0219
 -70  120  79.5562 102.4771
 -70  130  80.8072 100.9837
 -70  140  78.5746 101.1847
 -70  150  77.4399 102.3781
 -70  160  77.9496 102.2387
 -70  170  76.8619 101.8662
 -70  180  75.4049 100.9416
 -70 -180  75.4049 100.9416
 -70 -170  73.8548 100.0150
 -70 -160  72.6540 99.3793
 -70 -150  72.0491 99.2785
 -70 -140  72.0459 100.0541
 -70 -130  72.5294 101.3922
 -70 -120  73.3920 103.2452
 -70 -110  74.6486 105.2471
 -70 -100  76.1490 107.4584
 -70  -90  77.8048 109.4333
 -70  -80  79.1296 110.9127
 -70  -70  78.3322 112.3984
 -70  -60  79.0113 111.6902
 -70  -50  79.0858 110.7868
 -70  -40  79.3425 109.6433
 -70  -30  79.7028 108.2321
 -70  -20  80.3893 107.0108
 -70  -10  80.8543 106.0573
 -60    0  79.1051 104.5447
 -60   10  77.2162 105.3142
 -60   20  76.2402 106.6713
 -60   30  75.9377 106.6605
 -60   40  76.0803 106.5269
 -60   50  75.7174 106.8360
 -60   60  75.6848 106.6264
 -60   70  75.1949 106.1444
 -60   80  74.3266 105.8346
 -60   90  73.1815 105.5305
 -60  100  73.6843 104.2312
 -60  110  77.5273 101.9788
 -60  140  73.9715 99.3048
 -60  150  76.0655 102.5163
 -60  160  77.6195 102.8193
 -60  170  76.8020 102.2273
 -60  180  75.4161 101.4695
 -60 -180  75.4161 101.4695
 -60 -170  74.1821 100.7906
 -60 -160  73.4392 100.8466
 -60 -150  73.2867 101.3668
 -60 -140  73.5244 102.3571
 -60 -130  74.0712 103.9662
 -60 -120  74.8043 105.7715
 -60 -110  75.6675 107.4954
 -60 -100  76.7509 109.3621
 -60  -90  78.1935 110.7935
 -60  -80  79.5032 111.6023
 -60  -70  78.3687 112.7136
 -60  -60  78.6648 111.6338
 -60  -50  78.8327 110.4639
 -60  -40  79.2814 108.8713
 -60  -30  79.9380 107.2505
 -60  -20  80.7031 105.9205
 -60  -10  80.5724 104.8465
 -50    0  77.6472 103.4230
 -50   10  75.9614 104.5497
 -50   20  75.4207 105.4980
 -50   30  75.3626 104.8611
 -50   40  73.9686 104.2952
 -50   50  72.1027 103.9944
 -50   60  73.2264 104.9028
 -50   70  73.1920 104.9313
 -50   80  72.7093 104.7976
 -50   90  72.2099 104.4412
 -50  100  74.7106 101.7365
 -50  150  75.3334 102.5073
 -50  160  77.5344 102.4621
 -50  170  76.3654 101.9172
 -50  180  75.1166 101.5108
 -50 -180  75.1166 101.5108
 -50 -170  74.3725 101.5072
 -50 -160  74.2378 102.3650
 -50 -150  74.5205 103.5352
 -50 -140  75.0320 104.7187
 -50 -130  75.5367 106.3371
 -50 -120  76.1770 107.8317
 -50 -110  77.0160 109.2488
 -50 -100  77.9387 110.8049
 -50  -90  79.2808 111.5117
 -50  -80  80.4063 111.9939
 -50  -70  78.5882 112.7689
 -50  -60  78.6594 111.2804
 -50  -50  78.9047 109.6673
 -50  -40  79.5824 107.8216
 -50  -30  80.6650 106.0374
 -50  -20  81.3070 104.4871
 -50  -10  80.0338 103.2648
 -40    0  75.9774 102.3387
 -40   10  75.4324 103.7007
 -40   20  75.1433 103.1512
 -40   30  73.3965 101.9438
 -40   40  70.7170 101.0155
 -40   50  70.5010 101.9154
 -40   60  71.5547 103.4104
 -40   70  72.4959 104.5791
 -40   80  72.0058 104.1607
 -40   90  72.8423 102.0589
 -40  150  75.6742 102.4273
 -40  160  76.7271 101.6081
 -40  170  75.2750 101.2647
 -40  180  74.4578 101.6029
 -40 -180  74.4578 101.6029
 -40 -170  74.5759 102.3863
 -40 -160  75.1467 103.6043
 -40 -150  75.8286 105.2863
 -40 -140  76.3853 106.6238
 -40 -130  77.0191 108.1991
 -40 -120  77.7998 109.6339
 -40 -110  78.5532 110.7756
 -40 -100  79.4564 111.8670
 -40  -90  80.3708 111.9678
 -40  -80  81.4591 112.1801
 -40  -70  81.8976 111.9502
 -40  -60  78.9865 110.6732
 -40  -50  79.4327 108.5673
 -40  -40  80.4665 106.4507
 -40  -30  81.8870 104.4535
 -40  -20  81.2797 102.0376
 -40  -10  78.9428 100.9623
 -30    0  77.4900 104.2113
 -30   10  75.7697 102.6341
 -30   20  73.4786 101.2196
 -30   60  70.4349 102.1659
 -30   70  72.2799 103.5732
 -30   80  73.5367 103.3840
 -30  150  75.4709 101.5263
 -30  160  74.7566 100.3741
 -30  170  73.7224 100.3631
 -30  180  74.0060 101.5725
 -30 -180  74.0060 101.5725
 -30 -170  75.1349 103.2758
 -30 -160  76.2220 104.7980
 -30 -150  76.9974 106.7566
 -30 -140  77.8480 108.2655
 -30 -130  78.6895 109.8162
 -30 -120  79.4281 110.9213
 -30 -110  80.1625 112.0593
 -30 -100  80.8423 112.5745
 -30  -90  81.3451 112.5641
 -30  -80  81.7715 112.2057
 -30  -70  80.8004 112.0175
 -30  -60  79.5881 109.5103
 -30  -50  80.1866 106.8633
 -30  -40  81.9812 104.8758
 -30  -30  83.2403 101.5875
 -20    0  80.3250 104.5920
 -20   10  74.1529 100.5540
 -20   60  72.3198 101.8966
 -20   70  73.6535 102.5692
 -20  140  75.2921 101.3507
 -20  150  74.1152 99.6061
 -20  160  72.3810 98.8613
 -20  170  72.6114 99.8833
 -20  180  74.3777 102.1849
 -20 -180  74.3777 102.1849
 -20 -170  76.1333 104.4361
 -20 -160  77.3061 106.1639
 -20 -150  78.4235 108.1305
 -20 -140  79.4477 109.7000
 -20 -130  80.3050 111.2917
 -20 -120  81.0266 112.2911
 -20 -110  81.6162 112.9853
 -20 -100  81.9084 113.0644
 -20  -90  81.7984 112.8381
 -20  -80  81.2416 111.9373
 -20  -70  79.9672 110.4722
 -20  -60  80.2032 107.5940
 -20  -50  81.7278 105.4247
 -20  -40  84.0150 102.1642
 -10    0  78.1377 102.4518
 -10   50  72.0753 101.3468
 -10   60  74.4728 102.2217
 -10   70  77.1260 99.9344
 -10  140  73.1840 99.2182
 -10  150  70.8631 98.2857
 -10  160  70.8491 98.2315
 -10  170  73.0050 100.6635
 -10  180  75.6127 103.4553
 -10 -180  75.6127 103.4553
 -10 -170  77.3352 105.7075
 -10 -160  78.7280 107.5527
 -10 -150  79.9136 109.3996
 -10 -140  80.9083 110.8868
 -10 -130  81.7857 112.5754
 -10 -120  82.3719 113.2481
 -10 -110  82.5690 113.7611
 -10 -100  82.3275 113.4197
 -10  -90  81.6199 112.8693
 -10  -80  80.3634 111.3789
 -10  -70  80.2090 108.5709
 -10  -60  81.2665 106.1406
 -10  -50  83.9722 103.2006
