   0   60  81.2861 103.5352
   0   70  81.1861 107.1437
   0   80  81.8204 109.4499
   0   90  82.4712 110.8805
   0  100  83.1876 112.1774
   0  110  83.9151 113.0409
   0  120  84.1521 113.1039
   0  130  83.8212 112.3501
   0  140  83.1081 110.9446
   0  150  82.2696 109.4351
   0  160  81.5282 107.9096
   0  170  80.9740 106.6468
   0  180  80.4726 105.8628
   0 -180  80.4726 105.8628
   0 -170  79.8287 105.2434
   0 -160  78.9778 104.6067
   0 -150  77.9191 103.1428
   0 -140  77.3276 97.1616
   0 -130  77.0735 94.4946
   0 -120  76.7158 94.0031
   0 -110  76.7614 94.3032
   0 -100  77.1766 96.4967
   0  -90  80.4173 100.0516
   0  -80  80.0964 100.4480
   0  -70  80.6178 101.2749
   0  -60  80.6132 101.4497
   0  -50  79.4620 100.7865
   0  -40  76.6314 99.1365
  10    0  79.3891 99.3884
  10   50  83.0156 101.1993
  10   60  81.3102 106.1811
  10   70  81.4930 109.0453
  10   80  82.1240 110.6507
  10   90  82.9573 111.7248
  10  100  83.6899 112.7420
  10  110  83.8243 112.9979
  10  120  83.4973 112.5329
  10  130  82.8224 111.4197
  10  140  81.9654 109.9496
  10  150  81.1958 108.5559
  10  160  80.5777 107.1759
  10  170  80.0288 106.3173
  10  180  79.4221 105.6003
  10 -180  79.4221 105.6003
  10 -170  78.4993 104.7739
  10 -160  77.9794 104.8287
  10 -150  76.5806 99.1075
  10 -140  76.1812 95.7739
  10 -130  75.7664 94.3811
  10 -120  75.7814 94.4336
  10 -110  76.1077 96.0577
  10 -100  77.7721 99.8847
  10  -90  79.1460 100.3379
  10  -80  79.5817 100.8380
  10  -70  79.8320 101.1833
  10  -60  79.0974 100.7831
  10  -50  76.8538 99.6747
  10  -10  74.9869 97.7057
  20   40  85.1998 99.0239
  20   50  81.9417 105.0710
  20   60  81.7421 108.5032
  20   70  81.6787 110.6275
  20   80  82.0079 111.7987
  20   90  82.4145 112.7808
  20  100  82.7507 113.1861
  20  110  83.0581 112.5461
  20  120  82.4562 111.7997
  20  130  81.6567 110.4162
  20  140  80.9088 109.0320
  20  150  80.2939 107.7860
  20  160  79.7679 106.6867
  20  170  79.2151 106.0546
  20  180  78.4147 105.3640
  20 -180  78.4147 105.3640
  20 -170  77.3799 104.7503
  20 -160  76.4419 102.1501
  20 -150  75.7912 98.3289
  20 -140  75.3805 96.5627
  20 -130  75.2541 96.0608
  20 -120  75.5600 96.9862
  20 -110  76.0987 99.2488
  20 -100  77.9566 100.7555
  20  -90  78.5527 100.9075
  20  -80  79.0721 101.3001
  20  -70  78.8394 101.2339
  20  -60  77.4391 100.3217
  20  -50  74.9476 99.1525
  20  -20  74.8739 97.6255
  20  -10  76.9642 99.3763
  30   30  85.7135 98.1187
  30   40  81.4416 104.1437
  30   50  81.4885 107.5692
  30   60  81.1213 109.8553
  30   70  80.9444 111.1933
  30   80  81.5263 112.1779
  30   90  82.2382 112.7558
  30  100  82.2538 112.7513
  30  110  82.2293 111.8420
  30  120  81.4588 110.7282
  30  130  80.6735 109.4257
  30  140  80.0447 108.0973
  30  150  79.5285 107.2226
  30  160  79.0390 106.5657
  30  170  78.4493 106.0266
  30  180  77.5911 105.2858
  30 -180  77.5911 105.2858
  30 -170  76.6931 104.0252
  30 -160  76.0811 101.1694
  30 -150  75.5586 99.3041
  30 -140  75.4799 98.5328
  30 -130  75.4948 98.7603
  30 -120  75.8940 99.8916
  30 -110  76.7855 101.3812
  30 -100  78.0057 101.3770
  30  -90  78.8495 101.7097
  30  -80  78.8197 101.5937
  30  -70  78.1322 100.8479
  30  -60  76.4199 99.6429
  30  -50  74.5069 98.2673
  30  -40  74.0269 97.7301
  30  -30  75.2181 98.5234
  30  -20  77.1114 100.0573
  30  -10  77.8392 100.5283
  40    0  79.2351 101.4164
  40   20  83.8823 99.6975
  40   30  80.9164 103.0353
  40   40  80.6692 106.3270
  40   50  80.2032 108.8714
  40   60  80.2347 110.5027
  40   90  81.7010 112.2314
  40  100  81.6770 111.8574
  40  110  81.4104 110.8659
  40  120  80.6820 109.7104
  40  130  80.0462 108.6375
  40  140  79.4568 107.7153
  40  150  78.9439 107.0180
  40  160  78.4471 106.4746
  40  170  77.8573 105.9809
  40  180  77.2424 105.1496
  40 -180  77.2424 105.1496
  40 -170  76.8530 103.4608
  40 -160  76.5921 101.9192
  40 -150  76.2538 101.2531
  40 -140  76.0256 101.1342
  40 -130  76.0906 101.4757
  40 -120  76.6063 102.1844
  40 -110  77.6779 102.4228
  40 -100  78.8179 102.1418
  40  -90  78.9444 101.7516
  40  -80  78.3227 101.1535
  40  -70  76.9582 100.3499
  40  -60  76.1448 99.2696
  40  -50  75.5721 99.0737
  40  -40  75.8177 99.5632
  40  -30  77.1050 100.8538
  40  -20  78.2809 101.9661
  40  -10  78.0336 101.7134
  50    0  79.8892 101.5489
  50   40  79.6135 107.4383
  50  100  81.3781 110.4286
  50  110  80.5859 109.8518
  50  120  79.9843 109.0164
  50  130  79.5495 108.1619
  50  140  79.2267 107.4811
  50  150  78.8336 107.0200
  50  160  78.3432 106.5654
  50  170  77.8486 106.1197
  50  180  77.5316 105.0879
  50 -180  77.5316 105.0879
  50 -170  77.5596 104.0978
  50 -160  77.6130 103.5395
  50 -150  77.4078 103.3413
  50 -140  77.0140 103.5439
  50 -130  76.8948 104.1452
  50 -120  77.2120 104.8051
  50 -110  78.2559 102.3897
  50 -100  78.4242 100.4508
  50  -90  77.9565 99.6503
  50  -80  77.3117 99.8143
  50  -70  76.6432 99.6360
  50  -60  76.3480 99.9509
  50  -50  76.1924 98.3437
  50  -40  77.3381 100.5684
  50  -30  78.6367 102.3157
  50  -20  78.4918 102.6282
  50  -10  78.9760 102.6890
  60   90  80.7057 111.7346
  60  100  80.6634 109.7024
  60  110  79.9679 109.0263
  60  120  79.3973 108.3667
  60  130  79.1628 107.7920
  60  140  79.1628 107.4007
  60  150  79.0807 107.1566
  60  160  78.8244 106.8239
  60  170  78.4811 106.1229
  60  180  78.2972 105.4072
  60 -180  78.2972 105.4072
  60 -170  78.3003 104.9174
  60 -160  78.4791 104.8001
  60 -150  78.4952 105.1130
  60 -140  78.2271 105.6639
  60 -130  77.8278 105.6070
  60 -120  77.6226 104.2738
  60 -110  78.1857 97.2948
  60 -100  77.8829 96.8830
  60  -90  77.0202 96.8773
  60  -80  76.6692 97.5613
  60  -70  76.8333 97.7052
  60  -60  76.5712 97.2299
  60  -50  77.5510 99.3377
  60  -40  78.8245 102.1108
  60  -30  79.1718 103.1369
  60  -20  78.8863 103.2254
  70   90  80.0324 111.4066
  70  100  80.1669 109.0289
  70  110  79.8062 108.3425
  70  120  79.5693 107.9410
  70  130  79.5130 107.6878
  70  140  79.4863 107.6684
  70  150  79.5934 107.4197
  70  160  79.6348 106.8692
  70  170  79.5297 106.2415
  70  180  79.3139 105.7214
  70 -180  79.3139 105.7214
  70 -170  79.1038 105.4969
  70 -160  78.9499 105.8067
  70 -150  78.8607 106.3154
  70 -140  78.6696 105.7434
  70 -130  78.3333 104.1794
  70 -120  78.2480 93.5496
  70  -70  76.7342 96.4243
  70  -60  78.5803 97.9368
  70  -50  79.5158 100.7247
  70  -40  79.8191 102.8192
  70  -30  79.9566 103.1867
  80   80  81.2843 110.6132
  80   90  80.1315 109.5115
  80  100  79.9943 108.5195
  80  110  80.3567 107.5627
  80  120  80.4347 107.7393
  80  130  80.4463 108.0773
  80  140  80.2713 108.0652
  80  150  80.2595 107.5052
  80  160  80.4263 106.7867
  80  170  80.5830 106.0300
  80  180  80.3607 105.6599
  80 -180  80.3607 105.6599
  80 -170  79.8616 106.0411
  80 -160  79.3377 106.3950
  80 -150  78.8900 105.5326
  80 -140  78.5097 103.8016
  80 -130  78.2320 102.6586
  80  -70  79.5184 96.5088
  80  -60  80.1294 98.8993
  80  -50  80.4991 101.8045
  80  -40  80.7737 103.1057
  90  100  81.3530 105.9721
  90  110  81.2046 106.5199
  90  120  81.3724 108.1335
  90  130  81.3678 108.5072
  90  140  81.1683 108.0313
  90  150  80.9986 107.2165
  90  160  81.0303 106.3544
  90  170  81.1573 105.8072
  90  180  80.9703 105.9892
  90 -180  80.9703 105.9892
  90 -170  80.4874 106.2257
  90 -160  80.0336 105.3684
  90 -150  79.6203 103.7731
  90  -80  80.1533 94.6635
  90  -70  80.3025 96.5695
  90  -60  80.5570 99.8506
  90  -50  80.6678 102.0715
 100  100  81.7515 105.6589
 100  110  81.7451 107.2275
 100  120  81.7839 108.9493
 100  130  81.8115 108.4931
 100  140  81.5110 107.4813
 100  150  81.3037 106.6755
 100  160  81.2706 106.2711
 100  170  81.2300 106.2707
 100  180  81.0237 106.3794
 100 -180  81.0237 106.3794
 100 -170  80.5119 105.4853
 100 -160  80.0325 104.1513
 100  -80  80.3842 92.5639
 100  -70  80.4113 97.2713
 100  -60  80.1127 100.1538
 110  100  81.4096 107.4635
 110  110  81.8451 108.4189
 110  120  81.7237 108.9374
 110  130  81.6262 107.8401
 110  140  81.3269 107.1168
 110  150  81.2001 106.8531
 110  160  81.1699 106.9575
 110  170  81.0697 106.9787
 110  180  80.9053 105.9035
 110 -180  80.9053 105.9035
 110 -170  80.5325 104.1327
 110 -160  79.9650 102.6178
 110  -90  80.7109 87.3205
 110  -80  80.8434 92.1784
 110  -70  80.0874 95.0030
 120  100  81.5883 108.3695
 120  110  81.3723 108.8593
 120  120  81.3911 108.1627
 120  130  81.2668 107.7210
 120  140  81.1738 107.6640
 120  150  81.2098 107.8124
 120  160  80.9682 109.2126
 120  170  80.7790 108.0024
 120  180  80.7253 103.8655
 120 -180  80.7253 103.8655
 120 -170  80.2539 101.3481
 130   90  80.5805 108.4651
 130  100  81.1831 108.3467
 130  110  81.2771 107.8863
 130  120  81.2633 107.9485
 130  130  81.1204 109.3791
 130  140  81.2315 110.1546
 130  150  81.2141 110.2924
 130  160  81.0662 108.9631
 130  170  80.7546 105.4434
 130  180  80.3370 101.0443
 130 -180  80.3370 101.0443
 130 -170  79.1261 96.9832
 140   80  80.1968 108.0102
 140   90  81.1989 107.8375
 140  100  81.3917 107.8765
 140  110  81.1951 108.8829
 140  120  81.3335 110.3515
 140  130  81.5131 111.2584
 140  140  81.7009 111.0620
 140  150  81.6284 109.5412
 140  160  81.2411 106.3523
 140  170  80.8050 101.3636
 140  180  80.5944 96.7754
 140 -180  80.5944 96.7754
 140 -170  79.3171 97.5333
 140 -160  78.8055 93.7679
 140 -150  79.8510 90.2017
 150   70  80.8907 107.2731
 150   80  81.0362 106.9728
 150   90  81.3631 107.6745
 150  100  81.3474 109.0718
 150  110  81.6305 110.9656
 150  120  81.8254 111.6510
 150  130  82.0806 111.2607
 150  140  82.0670 109.5522
 150  150  81.6655 106.7817
 150  160  81.0947 103.1722
 150  170  80.9814 99.2425
 150  180  80.2974 97.4501
 150 -180  80.2974 97.4501
 150 -170  79.9754 94.3050
 150 -160  80.6511 91.9457
 150  -80  84.3607 92.8710
 160   60  79.5918 106.2410
 160   70  81.0162 106.4185
 160   80  81.5979 107.6880
 160   90  81.7279 109.2397
 160  100  81.8316 110.7663
 160  110  81.9968 111.3971
 160  120  82.1646 110.8931
 160  130  82.0761 109.0105
 160  140  81.6814 106.5480
 160  150  81.1008 103.7842
 160  160  81.0596 101.1086
 160  170  80.5477 98.5446
 160  180  80.4876 95.5804
 160 -180  80.4876 95.5804
 160 -170  81.0554 94.0597
 160 -160  83.0272 95.3785
 160  -90  86.5844 93.4021
 160  -80  84.5214 96.4881
 160  -70  83.6182 99.4698
 170   50  79.4423 105.9802
 170   60  81.0064 106.1062
 170   70  81.8809 107.6787
 170   80  81.8790 108.8572
 170   90  81.8706 109.8790
 170  100  81.9298 110.3204
 170  110  81.8882 109.9230
 170  120  81.6410 108.1793
 170  130  81.1170 105.9086
 170  140  81.0928 103.8268
 170  150  80.3416 102.2313
 170  160  79.9282 100.2285
 170  170  80.0840 97.3093
 170  180  80.7027 96.1739
 170 -180  80.7027 96.1739
 170 -170  82.1510 95.7369
 170 -100  87.5848 93.9619
 170  -90  85.6991 98.0868
 170  -80  84.5808 101.0877
 180   40  79.6572 105.6709
 180   50  82.4211 105.7489
 180   60  81.8007 107.4096
 180   70  81.8967 108.1587
 180   80  81.8968 108.7957
 180   90  81.8068 108.9177
 180  100  81.4247 108.4309
 180  110  80.9149 107.1192
 180  120  80.8723 104.8806
 180  130  79.9550 103.7090
 180  140  79.1073 102.4738
 180  150  78.6391 101.0763
 180  160  78.7577 98.7862
 180  170  79.4388 97.8530
 180  180  80.7709 96.4764
 180 -180  80.7709 96.4764
 180 -170  80.5109 80.9354
 180 -120  89.1092 85.6581
 180 -110  86.9382 95.0146
 180 -100  85.4702 99.1562
 180  -90  84.6256 101.9894
 180  -80  84.4749 103.0594
-180   40  79.6572 105.6709
-180   50  82.4211 105.7489
-180   60  81.8007 107.4096
-180   70  81.8967 108.1587
-180   80  81.8968 108.7957
-180   90  81.8068 108.9177
-180  100  81.4247 108.4309
-180  110  80.9149 107.1192
-180  120  80.8723 104.8806
-180  130  79.9550 103.7090
-180  140  79.1073 102.4738
-180  150  78.6391 101.0763
-180  160  78.7577 98.7862
-180  170  79.4388 97.8530
-180  180  80.7709 96.4764
-180 -180  80.7709 96.4764
-180 -170  80.5109 80.9354
-180 -120  89.1092 85.6581
-180 -110  86.9382 95.0146
-180 -100  85.4702 99.1562
-180  -90  84.6256 101.9894
-180  -80  84.4749 103.0594
-170   30  80.2175 105.2910
-170   40  82.3984 105.3089
-170   50  83.8961 104.8334
-170   60  84.5033 104.4399
-170   70  82.0910 107.7321
-170   80  81.7896 107.6739
-170   90  81.6869 104.9055
-170  100  80.8074 104.7569
-170  110  79.7679 104.1103
-170  120  78.6664 102.8819
-170  130  77.6773 101.7989
-170  140  77.0596 100.9206
-170  150  76.9883 99.5518
-170  160  77.6249 97.4882
-170  170  78.8022 97.8132
-170  180  78.1631 88.5155
-170 -180  78.1631 88.5155
-170 -170  81.1992 87.2595
-170 -160  84.4067 88.4455
-170 -150  87.2103 90.0409
-170 -140  88.1151 93.1284
-170 -130  86.5788 95.5810
-170 -120  84.5599 98.0244
-170 -110  84.3520 100.0257
-170 -100  84.0020 102.7166
-170  -90  84.3628 103.7218
-170  -80  84.8735 104.2621
-160   20  81.3463 105.0528
-160   30  81.7317 104.9885
-160   40  83.4867 104.4515
-160   50  84.8564 104.2774
-160   60  84.9018 104.3331
-160   70  82.4209 104.5324
-160   80  81.4920 104.3754
-160   90  80.1788 103.8352
-160  100  78.8258 103.1842
-160  110  77.4627 102.0114
-160  120  76.2373 100.7415
-160  130  75.3914 99.9294
-160  140  75.0679 99.1734
-160  150  75.4160 98.0644
-160  160  76.4300 96.8971
-160  170  76.3463 94.8636
-160  180  78.3559 94.3256
-160 -180  78.3559 94.3256
-160 -170  81.1958 95.0877
-160 -160  83.6631 97.1097
-160 -150  84.8770 98.7265
-160 -140  83.8064 98.7718
-160 -130  82.9696 100.8450
-160 -120  82.7584 102.8643
-160 -110  83.1712 103.1558
-160 -100  83.9524 104.3053
-160  -90  84.4120 104.7310
-160  -80  84.7022 104.8431
-160  -40  83.2458 104.7171
-150   10  81.9108 104.1356
-150   20  81.5687 104.0950
-150   30  82.9590 104.1071
-150   40  84.9006 104.2215
-150   50  85.6098 104.4277
-150   60  84.4961 104.3499
-150   70  81.8163 104.4210
-150   80  80.0910 103.5293
-150   90  78.2439 102.4285
-150  100  76.5223 101.1180
-150  110  74.9863 99.7740
-150  120  73.8277 98.6143
-150  130  73.2089 97.8634
-150  140  73.2851 97.1875
-150  150  74.0215 96.6734
-150  160  74.5121 96.6610
-150  170  75.9659 96.9625
-150  180  78.2095 97.9557
-150 -180  78.2095 97.9557
-150 -170  80.6491 99.5047
-150 -160  82.5447 100.7564
-150 -150  82.5731 100.6367
-150 -140  82.5358 102.1964
-150 -130  82.5867 103.8159
-150 -120  82.6204 103.7681
-150 -110  83.1451 105.0604
-150 -100  83.8519 105.0460
-150  -90  84.2042 105.1815
-150  -80  84.2052 104.7887
-150  -70  83.7400 104.5515
-150  -60  83.1662 104.0776
-150  -50  83.0686 103.8674
-150  -40  82.5769 104.8666
-140    0  81.4093 104.2668
-140   10  81.7609 103.5611
-140   20  82.4610 103.5682
-140   30  84.4638 103.8701
-140   40  85.9811 104.3211
-140   50  85.5794 104.5274
-140   60  83.5445 104.2525
-140   70  80.8268 103.9533
-140   80  78.5313 102.2441
-140   90  76.3198 100.5978
-140  100  74.3441 98.9813
-140  110  72.7078 97.3787
-140  120  71.6877 96.2474
-140  130  71.4409 95.7221
-140  140  71.9816 95.8702
-140  150  72.8380 96.0928
-140  160  74.2643 97.0162
-140  170  76.1527 98.4801
-140  180  78.3144 99.9945
-140 -180  78.3144 99.9945
-140 -170  80.3299 101.4465
-140 -160  81.7056 102.8819
-140 -150  82.4142 102.9893
-140 -140  82.5951 104.5142
-140 -130  82.6974 105.1444
-140 -120  82.6878 105.2574
-140 -110  83.1192 105.6879
-140 -100  83.5687 105.7682
-140  -90  84.0536 105.0457
-140  -80  83.8494 104.7621
-140  -70  83.1939 104.2981
-140  -60  82.8368 103.7721
-140  -50  83.2486 103.5853
-140  -40  82.2274 104.3527
-140  -30  80.4221 105.3438
-140  -20  79.3831 105.8900
-140  -10  80.4284 105.1614
-130    0  81.9043 103.0550
-130   10  81.9347 102.9342
-130   20  83.7172 103.1863
-130   30  85.7573 103.9543
-130   40  86.3113 104.7534
-130   50  84.8054 104.6998
-130   60  82.0263 104.4899
-130   70  79.4579 102.7918
-130   80  76.8858 100.6304
-130   90  74.5797 98.5276
-130  100  72.5468 96.6031
-130  110  70.9596 94.9889
-130  120  70.1532 93.9524
-130  130  70.3147 93.8296
-130  140  71.3041 94.5002
-130  150  72.8342 95.7866
-130  160  74.6078 97.4993
-130  170  76.6314 99.3165
-130  180  78.6290 100.9911
-130 -180  78.6290 100.9911
-130 -170  80.3150 102.5288
-130 -160  81.4684 103.8100
-130 -150  82.0686 104.5609
-130 -140  82.3130 105.2348
-130 -130  82.4903 105.4263
-130 -120  82.8322 105.9168
-130 -110  83.2506 105.8925
-130 -100  83.6586 105.6260
-130  -90  83.7393 105.1776
-130  -80  83.3850 104.3444
-130  -70  83.0282 103.7119
-130  -60  82.8154 103.4492
-130  -50  82.7598 103.3462
-130  -40  82.5778 103.8092
-130  -30  81.3814 104.1341
-130  -20  81.3577 103.9950
-130  -10  82.3202 103.3486
-120    0  81.8617 102.5910
-120   10  83.0571 102.8607
-120   20  85.0216 103.4621
-120   30  86.3574 104.5197
-120   40  85.7554 105.0493
-120   50  83.3025 104.4053
-120   60  80.6388 103.6586
-120   70  77.8718 101.2785
-120   80  75.3560 98.8258
-120   90  73.1661 96.3549
-120  100  71.3442 94.4189
-120  110  70.0325 93.0390
-120  120  69.5491 92.4369
-120  130  70.0602 92.8040
-120  140  71.4336 94.0357
-120  150  73.3217 95.8554
-120  160  75.3778 97.9313
-120  170  77.4552 99.9238
-120  180  79.2947 101.8129
-120 -180  79.2947 101.8129
-120 -170  80.7492 103.3205
-120 -160  81.6633 104.3602
-120 -150  82.1323 105.2571
-120 -140  82.4362 105.5390
-120 -130  82.5943 105.9915
-120 -120  82.8248 106.0226
-120 -110  83.2266 105.7099
-120 -100  83.5133 105.2653
-120  -90  83.3477 104.4816
-120  -80  82.9483 103.6680
-120  -70  82.7739 103.2711
-120  -60  82.7755 102.9434
-120  -50  82.9805 102.9418
-120  -40  83.1094 103.1582
-120  -30  83.0372 103.3202
-120  -20  82.8303 103.1249
-120  -10  82.2161 102.9770
-110    0  82.2271 102.5625
-110   10  84.2858 103.0839
-110   20  85.8872 104.2730
-110   30  86.1452 105.2694
-110   40  84.4616 105.0975
-110   50  81.9615 104.4924
-110   60  79.2413 102.3613
-110   70  76.6392 99.7350
-110   80  74.3787 97.2078
-110   90  72.4363 94.8011
-110  100  70.8926 93.0173
-110  110  70.0101 92.1876
-110  120  69.9313 92.1545
-110  130  70.7498 93.0882
-110  140  72.3043 94.7645
-110  150  74.2780 96.8391
-110  160  76.4275 99.1594
-110  170  78.4599 101.2016
-110  180  80.2362 103.0400
-110 -180  80.2362 103.0400
-110 -170  81.5104 104.2319
-110 -160  82.2574 105.2516
-110 -150  82.6507 105.8148
-110 -140  82.5013 106.0714
-110 -130  82.4505 106.2510
-110 -120  82.7575 105.9834
-110 -110  83.1177 105.5300
-110 -100  83.1969 104.8052
-110  -90  82.9106 103.9475
-110  -80  82.7338 103.2496
-110  -70  82.8565 102.9014
-110  -60  83.1963 102.6368
-110  -50  83.5755 102.6770
-110  -40  83.7258 102.7879
-110  -30  83.4559 103.0422
-110  -20  82.7699 102.8951
-110  -10  82.1003 102.5242
-100    0  83.6863 102.9963
-100   10  85.0975 104.0254
-100   20  85.8943 105.1357
-100   30  85.1457 105.4673
-100   40  82.8877 104.7774
-100   50  80.8222 103.7904
-100   60  78.3620 101.3271
-100   70  76.1736 98.8649
-100   80  74.3054 96.3667
-100   90  72.6593 94.2580
-100  100  71.4695 93.0221
-100  110  70.9354 92.7055
-100  120  71.1856 93.3269
-100  130  72.2247 94.7224
-100  140  73.8104 96.5665
-100  150  75.7089 98.8432
-100  160  77.6986 100.9657
-100  170  79.5680 102.9039
-100  180  81.1274 104.3581
-100 -180  81.1274 104.3581
-100 -170  82.2314 105.3259
-100 -160  82.7261 106.0084
-100 -150  82.6041 106.2647
-100 -140  82.5505 106.5310
-100 -130  82.6677 106.4732
-100 -120  82.9364 105.8486
-100 -110  83.1342 105.2413
-100 -100  82.9856 104.3941
-100  -90  82.7740 103.5139
-100  -80  82.8198 102.9416
-100  -70  83.1865 102.6584
-100  -60  83.6780 102.4571
-100  -50  84.0555 102.4573
-100  -40  84.0532 102.6644
-100  -30  83.5231 102.8483
-100  -20  82.7117 102.6457
-100  -10  82.2704 102.6345
 -90    0  84.2506 103.8429
 -90   10  85.1495 104.8874
 -90   20  85.1410 105.3575
 -90   30  83.7127 105.3829
 -90   40  82.0001 104.8717
 -90   50  80.0915 102.9136
 -90   60  78.1770 100.6850
 -90   70  76.5890 98.2990
 -90   80  75.1444 96.0588
 -90   90  73.8144 94.5078
 -90  100  72.9015 93.9171
 -90  110  72.6469 94.2630
 -90  120  73.1244 95.5130
 -90  130  74.2305 97.1417
 -90  140  75.7259 99.1538
 -90  150  77.4125 101.3069
 -90  160  79.1182 103.1517
 -90  170  80.6859 104.7149
 -90  180  81.9045 105.5519
 -90 -180  81.9045 105.5519
 -90 -170  82.6395 106.3069
 -90 -160  82.8840 106.6465
 -90 -150  82.8607 106.8773
 -90 -140  82.8386 106.8891
 -90 -130  82.9606 106.5361
 -90 -120  83.1177 105.7388
 -90 -110  83.0681 104.9827
 -90 -100  82.8427 104.0025
 -90  -90  82.7893 103.3691
 -90  -80  83.1261 102.8460
 -90  -70  83.7357 102.6912
 -90  -60  84.2800 102.4175
 -90  -50  84.5238 102.3423
 -90  -40  84.1887 102.5176
 -90  -30  83.3982 102.5417
 -90  -20  82.6217 102.6977
 -90  -10  82.3961 103.2234
 -80    0  84.4879 104.6529
 -80   10  84.6948 105.1962
 -80   20  83.9353 105.5297
 -80   30  82.4267 105.4937
 -80   40  81.3352 104.3155
 -80   50  79.9080 102.5182
 -80   60  78.7337 100.3335
 -80   70  77.8068 98.0855
 -80   80  76.6950 96.4017
 -80   90  75.5419 95.6422
 -80  100  74.7485 95.6365
 -80  110  74.6229 96.4894
 -80  120  75.2114 98.0721
 -80  130  76.3347 99.9870
 -80  140  77.7013 101.9292
 -80  150  79.1515 103.8645
 -80  160  80.5718 105.3213
 -80  170  81.7617 106.1672
 -80  180  82.6304 106.8579
 -80 -180  82.6304 106.8579
 -80 -170  83.0400 107.1272
 -80 -160  83.0635 107.2706
 -80 -150  82.8874 107.1688
 -80 -140  82.8240 107.0227
 -80 -130  82.9528 106.3690
 -80 -120  82.9624 105.6768
 -80 -110  82.7745 104.7312
 -80 -100  82.6496 104.0498
 -80  -90  82.9636 103.3949
 -80  -80  83.6693 102.9641
 -80  -70  84.3757 102.8323
 -80  -60  84.7139 102.4801
 -80  -50  84.5157 102.3712
 -80  -40  83.9185 102.3860
 -80  -30  83.1384 102.7323
 -80  -20  82.5895 103.3932
 -80  -10  82.5140 103.9067
 -70    0  84.0842 105.0132
 -70   10  83.5784 105.2319
 -70   20  82.5748 105.2719
 -70   30  81.7050 105.0844
 -70   40  80.9644 103.7637
 -70   50  80.3004 102.2180
 -70   60  79.1751 100.5500
 -70   70  78.5987 98.9112
 -70   80  78.6606 97.2397
 -70   90  77.4075 97.1218
 -70  100  76.6138 97.8524
 -70  110  76.5692 99.2041
 -70  120  77.1853 101.0159
 -70  130  78.2478 102.9324
 -70  140  79.4719 104.6103
 -70  150  80.7235 106.1558
 -70  160  81.8317 107.0999
 -70  170  82.6680 107.4861
 -70  180  83.1441 107.8944
 -70 -180  83.1441 107.8944
 -70 -170  83.1681 107.9308
 -70 -160  82.9846 107.5254
 -70 -150  82.7942 107.3536
 -70 -140  82.7902 106.8863
 -70 -130  82.8142 106.3026
 -70 -120  82.6534 105.3664
 -70 -110  82.4148 104.5495
 -70 -100  82.6151 103.9504
 -70  -90  83.3433 103.2106
 -70  -80  84.1401 102.7307
 -70  -70  84.5714 102.5164
 -70  -60  84.5418 102.2743
 -70  -50  84.1663 102.3328
 -70  -40  83.6236 102.6345
 -70  -30  83.0834 103.3573
 -70  -20  82.7495 103.8517
 -70  -10  82.5932 104.4981
 -60    0  81.5667 104.8145
 -60   10  81.1040 104.9022
 -60   20  81.1636 104.9565
 -60   30  81.1478 104.3830
 -60   40  81.0201 103.4269
 -60   50  80.7894 102.2113
 -60   60  81.1289 100.5636
 -60   70  80.7244 99.4625
 -60   80  79.6989 99.3933
 -60   90  79.0777 99.1662
 -60  100  78.2988 100.5012
 -60  110  78.2914 102.0999
 -60  120  78.8883 103.9395
 -60  130  79.8505 105.5566
 -60  140  80.9139 107.0135
 -60  150  81.9157 108.1578
 -60  160  82.7150 108.4656
 -60  170  83.2187 108.6461
 -60  180  83.3314 108.5203
 -60 -180  83.3314 108.5203
 -60 -170  83.1933 107.8648
 -60 -160  82.9809 107.5034
 -60 -150  82.8392 107.1065
 -60 -140  82.7733 106.5932
 -60 -130  82.5804 105.8618
 -60 -120  82.1566 104.8189
 -60 -110  82.0420 104.0401
 -60 -100  82.6162 103.1244
 -60  -90  83.5240 102.4608
 -60  -80  84.1447 101.9914
 -60  -70  84.2360 101.8086
 -60  -60  83.9890 101.7568
 -60  -50  83.6642 102.3093
 -60  -40  83.3394 102.9658
 -60  -30  83.0827 103.7312
 -60  -20  82.8480 104.1017
 -60  -10  82.2853 104.5787
 -50    0  80.6271 103.9714
 -50   10  80.1923 103.7991
 -50   20  80.5631 103.8434
 -50   30  81.0118 103.4709
 -50   40  81.5145 102.9782
 -50   50  83.1254 101.4316
 -50   60  83.5240 100.0722
 -50   70  82.6010 99.9612
 -50   80  81.1256 101.0043
 -50   90  80.1364 101.7580
 -50  100  79.5733 103.2709
 -50  110  79.7767 104.9047
 -50  120  80.3969 106.7056
 -50  130  81.2558 108.1217
 -50  140  82.1071 109.2396
 -50  150  82.8116 109.7525
 -50  160  83.3309 109.5864
 -50  170  83.5331 109.2205
 -50  180  83.4155 108.4362
 -50 -180  83.4155 108.4362
 -50 -170  83.1921 107.7150
 -50 -160  82.9488 107.1723
 -50 -150  82.7606 106.7432
 -50 -140  82.4836 106.0779
 -50 -130  81.9261 105.0474
 -50 -120  81.3766 103.9015
 -50 -110  81.6419 102.8841
 -50 -100  82.5828 101.8287
 -50  -90  83.3537 101.0412
 -50  -80  83.5681 100.7564
 -50  -70  83.3510 100.8557
 -50  -60  83.0885 101.3165
 -50  -50  83.0735 102.1514
 -50  -40  83.1502 102.9137
 -50  -30  83.0954 103.5479
 -50  -20  82.6726 104.0189
 -50  -10  81.7301 104.2390
 -40    0  78.9931 102.4048
 -40   10  79.0968 102.3704
 -40   20  80.1355 102.4816
 -40   30  81.2573 102.7168
 -40   40  84.4881 101.7030
 -40   50  86.0069 99.6466
 -40   60  84.6900 99.7442
 -40   70  83.2036 101.1184
 -40   80  81.8214 102.4400
 -40   90  80.6786 104.3160
 -40  100  80.5194 105.9115
 -40  110  81.0249 107.8096
 -40  120  81.7193 109.2377
 -40  130  82.4667 110.3799
 -40  140  83.1327 110.9791
 -40  150  83.5908 110.8005
 -40  160  83.7511 110.0356
 -40  170  83.6069 109.0207
 -40  180  83.3077 108.2062
 -40 -180  83.3077 108.2062
 -40 -170  82.9443 107.3536
 -40 -160  82.6481 106.7873
 -40 -150  82.3427 106.2209
 -40 -140  81.7206 105.3233
 -40 -130  80.7835 104.0183
 -40 -120  80.5660 102.5090
 -40 -110  81.3757 100.9635
 -40 -100  82.2670 99.8064
 -40  -90  82.5467 99.2749
 -40  -80  82.3082 99.3322
 -40  -70  82.0118 100.0169
 -40  -60  82.2222 100.9545
 -40  -50  82.7153 101.9107
 -40  -40  83.0364 102.6763
 -40  -30  82.8767 103.6395
 -40  -20  81.9762 103.6206
 -40  -10  80.3304 103.1059
 -30    0  77.0727 100.4301
 -30   10  78.3747 100.4661
 -30   20  79.8725 101.6550
 -30   30  84.6879 101.3884
 -30   70  82.9446 102.4080
 -30   80  81.4964 104.3396
 -30   90  80.9857 106.4637
 -30  100  81.3428 108.1650
 -30  110  82.0746 109.8526
 -30  120  82.6766 111.2631
 -30  130  83.4896 111.9053
 -30  140  83.9698 111.8479
 -30  150  84.0582 111.0382
 -30  160  83.8119 109.7960
 -30  170  83.3802 108.6534
 -30  180  82.9020 107.4707
 -30 -180  82.9020 107.4707
 -30 -170  82.4784 106.7294
 -30 -160  82.1052 106.2210
 -30 -150  81.5351 105.4470
 -30 -140  80.4333 104.2016
 -30 -130  79.6438 102.4266
 -30 -120  80.0986 100.0557
 -30 -110  80.9493 98.3265
 -30 -100  81.3094 97.3522
 -30  -90  81.1280 97.4936
 -30  -80  80.9780 98.8475
 -30  -70  81.2639 100.0866
 -30  -60  81.8280 100.8643
 -30  -50  82.5547 101.8721
 -30  -40  82.7279 102.8271
 -30  -30  82.0252 102.7999
 -30  -20  80.1605 102.1099
 -30  -10  77.8411 100.8731
 -20    0  75.7954 98.8283
 -20   10  78.5476 99.8049
 -20   20  82.6598 100.7384
 -20   60  85.5427 101.7110
 -20   70  82.1808 103.7659
 -20   80  81.1808 106.1328
 -20   90  81.4177 108.1418
 -20  100  82.1854 109.9396
 -20  110  82.8707 111.4568
 -20  120  83.5907 112.4273
 -20  130  84.1731 112.6744
 -20  140  84.2556 112.0543
 -20  150  83.9622 110.8949
 -20  160  83.4040 109.3931
 -20  170  82.7795 107.9239
 -20  180  82.2687 106.8817
 -20 -180  82.2687 106.8817
 -20 -170  81.8188 106.1465
 -20 -160  81.2674 105.5221
 -20 -150  80.2810 104.6232
 -20 -140  79.2077 103.5298
 -20 -130  79.1670 99.7246
 -20 -120  79.6330 97.0850
 -20 -110  79.8420 95.6812
 -20 -100  79.7194 95.5670
 -20  -90  79.6224 97.0142
 -20  -80  80.7074 99.7043
 -20  -70  81.0851 100.2679
 -20  -60  81.7964 101.4370
 -20  -50  82.2647 102.2933
 -20  -40  81.8234 102.4043
 -20  -30  80.1216 101.3848
 -20  -20  77.1229 99.7587
 -10    0  75.6487 98.4941
 -10   10  79.7979 99.6984
 -10   60  83.4526 101.3455
 -10   70  81.2020 104.9085
 -10   80  81.3737 107.7898
 -10   90  82.1155 109.6990
 -10  100  82.8970 111.2791
 -10  110  83.5197 112.3950
 -10  120  84.0974 112.9324
 -10  130  84.2579 112.7599
 -10  140  83.9612 111.8981
 -10  150  83.2881 110.2127
 -10  160  82.5430 108.5878
 -10  170  81.9130 107.3175
 -10  180  81.4362 106.2484
 -10 -180  81.4362 106.2484
 -10 -170  80.9336 105.6195
 -10 -160  80.1478 104.9287
 -10 -150  79.2953 104.4283
 -10 -140  78.2144 100.1938
 -10 -130  78.4186 96.4896
 -10 -120  78.3227 94.6543
 -10 -110  78.1618 93.9084
 -10 -100  78.1304 95.0831
 -10  -90  78.7905 98.1649
 -10  -80  80.8361 99.8904
 -10  -70  80.8974 100.7964
 -10  -60  81.5162 101.8391
 -10  -50  81.2638 101.9044
 -10  -40  79.7557 101.0667
 -10  -30  76.7401 98.9976
