   0   70  79.6632 104.4296
   0   80  79.9621 107.2390
   0   90  81.1097 109.3007
   0  100  81.9131 110.5381
   0  110  82.5822 111.3438
   0  120  82.8963 111.3302
   0  130  82.3755 110.8160
   0  140  81.2098 109.5075
   0  150  80.1474 107.9034
   0  160  78.9033 106.3797
   0  170  77.1574 104.9684
   0  180  86.3185 104.8733
   0 -180  86.3185 104.8733
   0  -70  78.0177 99.4115
   0  -60  79.5784 99.7426
   0  -50  79.3609 99.2881
  10   60  81.0921 102.0793
  10   70  80.1754 106.6241
  10   80  80.7821 109.0738
  10   90  81.0449 110.9320
  10  100  81.6173 111.7660
  10  110  82.4832 111.2562
  10  120  82.2493 110.9341
  10  130  81.2096 109.9511
  10  140  80.0460 108.3959
  10  150  79.1771 106.7971
  10  160  78.0346 105.3384
  10  170  83.1062 104.8736
  10  180  89.0517 105.5723
  10 -180  89.0517 105.5723
  10  -70  78.3883 101.3410
  10  -60  78.4929 99.4081
  20   50  83.1015 99.2828
  20   60  80.1851 105.5781
  20   70  80.3960 108.7931
  20   80  80.3267 110.4472
  20   90  80.6384 111.3809
  20  100  80.9494 111.6738
  20  110  81.0586 111.2706
  20  120  80.9407 109.9329
  20  130  79.8188 108.6370
  20  140  78.8268 107.2015
  20  150  78.1110 105.8185
  20  160  77.5964 104.4659
  20  170  84.2930 104.6299
  20  -80  77.5193 101.4016
  20  -70  77.6788 101.7906
  20  -60  76.4100 97.8569
  30   50  80.0323 104.9782
  30   60  80.0371 107.7648
  30   70  79.4290 109.9413
  30   80  79.2035 110.9395
  30   90  79.6714 111.4206
  30  100  79.9207 110.9937
  30  110  79.8881 110.2392
  30  120  79.7305 108.6293
  30  130  78.5839 107.4297
  30  140  77.5777 106.2629
  30  150  77.3408 104.9622
  30  160  80.0549 105.1180
  30  170  84.0935 104.8985
  30  -80  76.9371 102.1330
  30  -70  76.0460 99.0434
  30  -60  73.8805 97.8690
  40   50  78.6021 106.6557
  40  100  78.9340 110.0818
  40  110  78.7235 108.9049
  40  120  78.2258 107.5023
  40  130  77.4327 106.3360
  40  140  77.2262 105.4741
  40  150  77.5337 104.4689
  40  160  79.5669 104.9148
  40  170  84.2723 105.8292
  40  -80  75.6445 101.2688
  40  -20  73.5775 96.7981
  40  -10  73.4989 99.6710
  50  100  78.0971 109.1236
  50  110  77.9001 107.4748
  50  120  77.3105 106.1129
  50  130  76.8772 105.4949
  50  140  77.0465 105.0272
  50  150  77.5239 105.5751
  50  160  78.7408 104.9140
  50  170  83.2281 106.0503
  50 -160  76.1597 100.8223
  50 -150  73.2052 102.0350
  50  -30  75.0770 98.7808
  50  -20  75.6885 100.7070
  50  -10  73.7398 100.7275
  60  100  77.4323 108.4699
  60  110  77.1397 106.6974
  60  120  76.6489 105.6208
  60  130  76.5859 105.1057
  60  140  77.2021 104.7283
  60  150  77.4411 105.3817
  60  160  78.2684 104.9833
  60  170  81.1401 105.2151
  60  180  79.5258 103.3937
  60 -180  79.5258 103.3937
  60 -170  78.2076 102.9977
  60 -160  74.8430 104.0817
  60  -30  76.8151 101.2830
  60  -20  76.4098 101.5079
  70  100  76.7726 108.1265
  70  110  76.7854 106.7368
  70  120  76.8607 105.1932
  70  130  77.0422 104.8521
  70  140  78.1733 105.2859
  70  150  77.9197 105.2330
  70  160  77.7126 104.3045
  70  170  78.2872 104.3499
  70  180  79.2803 104.6710
  70 -180  79.2803 104.6710
  70 -170  77.1863 104.0403
  70 -160  76.0353 101.9038
  70  -40  77.3295 100.9954
  70  -30  77.3981 101.6028
  80  100  78.2868 106.1795
  80  110  77.7798 104.9701
  80  120  77.6553 104.9167
  80  130  77.9353 105.1936
  80  140  78.8732 105.4637
  80  150  78.1705 104.6950
  80  160  78.0616 103.8770
  80  170  78.5622 104.4702
  80  180  78.3309 104.7179
  80 -180  78.3309 104.7179
  80 -170  76.9261 101.8334
  80  -40  78.0844 99.8234
  90  110  79.1721 103.4743
  90  120  78.2772 103.9947
  90  130  78.6220 105.3886
  90  140  78.8570 105.2126
  90  150  78.5300 104.7915
  90  160  78.7581 104.4373
  90  170  78.7324 104.6182
  90  180  77.6573 103.0180
  90 -180  77.6573 103.0180
 100  110  79.2052 104.8040
 100  120  78.6958 105.0996
 100  130  78.6514 105.8274
 100  140  78.4039 105.0660
 100  150  78.2921 105.0502
 100  160  78.5274 104.9166
 100  170  78.1037 103.2620
 110  110  78.9309 106.0007
 110  120  78.3405 106.6823
 110  130  78.0503 105.8936
 110  140  77.7766 105.4553
 110  150  77.8708 105.3250
 110  160  77.9309 105.6246
 120  100  77.7734 107.6274
 120  110  78.2545 107.3611
 120  120  78.0004 106.6505
 120  130  77.8670 106.7601
 120  140  77.5858 107.5780
 120  150  78.0886 107.1064
 130   90  77.2922 106.4773
 130  100  78.0678 107.4554
 130  110  78.3819 106.8603
 130  120  78.2559 107.7071
 130  130  78.0767 108.8573
 130  140  78.1008 109.3229
 130  150  78.2246 108.8041
 140   80  77.5884 105.3769
 140   90  78.0930 106.3986
 140  100  78.4438 107.1218
 140  110  78.7109 108.2805
 140  120  78.8048 109.6337
 140  130  78.9911 110.2606
 140  140  79.1394 109.5118
 150   70  76.7273 103.9541
 150   80  78.2215 105.9678
 150   90  78.8000 107.2541
 150  100  78.9916 108.7520
 150  110  79.4209 110.0169
 150  120  79.8370 110.4579
 150  130  80.0072 109.4926
 150  140  80.0189 108.3975
 160   60  75.7585 104.0722
 160   70  78.1054 106.0562
 160   80  78.6105 107.1945
 160   90  79.2226 108.6739
 160  100  79.6377 109.7017
 160  110  80.1098 109.8494
 160  120  80.1593 108.8054
 160  130  80.2064 107.8148
 160  140  79.2266 104.1036
 170   50  74.7439 105.0614
 170   60  78.4395 106.3484
 170   70  78.5716 106.8991
 170   80  79.1901 107.9156
 170   90  79.4844 108.6577
 170  100  79.7096 108.5856
 170  110  79.6194 107.5567
 170  120  79.1695 105.7971
 170  130  78.6701 104.7064
 170  140  78.9409 101.0506
 170  150  78.5264 101.7634
 170  -80  83.3988 99.8527
 180   40  74.1403 105.9430
 180   50  78.3885 106.8672
 180   60  80.6218 107.1524
 180   70  81.4033 107.2067
 180   80  79.1471 107.0794
 180   90  79.0730 106.8827
 180  100  78.8528 106.0437
 180  110  78.1233 104.6431
 180  120  77.4719 103.6669
 180  130  76.5058 102.2706
 180  140  77.0338 99.5637
 180  -90  84.0428 102.3740
-180   40  74.1403 105.9430
-180   50  78.3885 106.8672
-180   60  80.6218 107.1524
-180   70  81.4033 107.2067
-180   80  79.1471 107.0794
-180   90  79.0730 106.8827
-180  100  78.8528 106.0437
-180  110  78.1233 104.6431
-180  120  77.4719 103.6669
-180  130  76.5058 102.2706
-180  140  77.0338 99.5637
-180  -90  84.0428 102.3740
-170   30  73.8026 103.8771
-170   40  77.6193 103.9053
-170   50  80.2975 103.2452
-170   60  81.6423 106.0625
-170   70  81.5190 105.9402
-170   80  78.6829 105.2147
-170   90  78.7019 103.8457
-170  100  77.7138 103.3628
-170  110  76.3561 102.7088
-170  120  74.9821 101.6316
-170  130  75.5523 99.7218
-170  140  76.0821 99.8942
-170 -100  84.3355 103.7526
-170  -90  84.0274 104.0411
-160   20  74.6159 105.0064
-160   30  77.3048 103.2671
-160   40  79.4401 103.2889
-160   50  81.7971 103.1720
-160   60  82.4859 103.2262
-160   70  81.5582 103.2620
-160   80  78.3454 103.1434
-160   90  76.9472 102.5499
-160  100  75.5233 101.7596
-160  110  74.0681 100.6924
-160  120  72.8544 99.1992
-160  130  72.3326 98.3907
-160 -110  84.2200 107.4163
-160 -100  83.8463 104.7625
-160  -90  84.0472 104.8087
-150   10  76.4602 103.6187
-150   20  77.2937 103.2520
-150   30  78.6220 103.1330
-150   40  81.3889 102.8947
-150   50  83.0658 103.1672
-150   60  82.6596 103.2488
-150   70  80.5845 102.9991
-150   80  77.0996 102.4195
-150   90  75.2742 101.2114
-150  100  73.4140 99.8277
-150  110  71.7898 98.6371
-150  120  70.7260 97.7442
-150  130  70.6264 97.5237
-150  140  72.5631 97.7261
-150 -170  80.9558 104.6035
-150 -160  82.0447 107.0537
-150 -130  85.9231 106.5257
-150 -120  84.7144 107.8623
-150 -110  82.9919 105.8527
-150 -100  83.5364 105.3867
-150  -90  83.8926 105.3079
-150  -50  81.1741 101.7764
-150  -40  80.5516 102.4471
-140    0  77.3270 103.9536
-140   10  78.0671 103.3889
-140   20  78.5367 102.6654
-140   30  80.6208 102.8194
-140   40  83.0713 102.9584
-140   50  83.5862 103.3476
-140   60  82.0719 103.2296
-140   70  79.1143 102.4348
-140   80  75.8800 101.1522
-140   90  73.4728 99.4976
-140  100  71.2535 97.6414
-140  110  69.5829 96.2494
-140  120  68.7805 95.1230
-140  130  69.4044 95.3232
-140  140  70.9701 95.4568
-140  150  73.3742 100.4931
-140  170  81.4388 101.7649
-140  180  80.4868 103.0020
-140 -180  80.4868 103.0020
-140 -170  81.7863 104.1263
-140 -160  82.6219 104.7121
-140 -150  84.8891 106.0378
-140 -140  86.1429 107.3607
-140 -130  85.5824 108.1114
-140 -120  84.0025 108.5476
-140 -110  81.8512 105.7422
-140 -100  83.2394 105.9471
-140  -90  83.5517 105.7373
-140  -80  82.7088 105.1151
-140  -70  81.5418 104.0268
-140  -60  80.2012 102.9558
-140  -50  79.6299 102.5539
-140  -40  79.4955 102.6565
-140  -30  76.1550 104.4052
-140  -20  73.6292 104.7944
-140  -10  76.0436 105.0063
-130    0  78.8210 103.5254
-130   10  78.7531 102.8539
-130   20  79.8577 102.8092
-130   30  82.3570 102.8216
-130   40  83.9046 103.3514
-130   50  83.2647 103.6439
-130   60  80.7347 103.0532
-130   70  77.1643 101.6805
-130   80  74.3006 99.6734
-130   90  71.6199 97.3506
-130  100  69.2906 95.3676
-130  110  67.8994 94.0773
-130  120  67.5273 92.9047
-130  130  67.9933 93.6765
-130  140  69.4292 95.1200
-130  150  71.5554 97.2951
-130  160  76.8488 99.8016
-130  170  78.7140 101.7482
-130  180  80.3220 103.1170
-130 -180  80.3220 103.1170
-130 -170  81.3551 104.0520
-130 -160  83.6364 105.5416
-130 -150  85.7524 107.1488
-130 -140  86.5211 108.6076
-130 -130  84.8881 108.6826
-130 -120  83.3110 108.8712
-130 -110  81.3889 106.2191
-130 -100  82.7833 106.5450
-130  -90  82.7420 106.0765
-130  -80  81.5598 104.9836
-130  -70  80.2966 103.5714
-130  -60  79.4744 102.3636
-130  -50  79.1792 102.0182
-130  -40  78.9118 102.4857
-130  -30  77.4230 103.5256
-130  -20  77.1295 104.2480
-130  -10  77.7032 104.4162
-120    0  79.1850 103.4761
-120   10  79.7388 102.7965
-120   20  81.4399 102.8746
-120   30  83.5715 103.2549
-120   40  83.9392 103.8926
-120   50  82.0415 103.6117
-120   60  78.7544 102.2145
-120   70  75.7128 100.4076
-120   80  72.8284 97.8782
-120   90  70.2326 95.3583
-120  100  68.0267 93.3482
-120  110  66.9762 92.1623
-120  120  66.9300 91.3207
-120  130  68.2428 94.0248
-120  140  69.5951 94.9533
-120  150  71.7415 97.2280
-120  160  75.1593 99.6916
-120  170  77.9930 101.4949
-120  180  79.8745 102.8551
-120 -180  79.8745 102.8551
-120 -170  81.5028 104.2464
-120 -160  84.7255 106.6325
-120 -150  86.5424 108.2276
-120 -140  86.0814 108.9691
-120 -130  83.9271 109.3313
-120 -120  79.4077 106.0907
-120 -110  81.6649 106.5029
-120 -100  82.8461 106.2412
-120  -90  82.2244 105.4041
-120  -80  80.6115 104.1047
-120  -70  79.4256 102.5659
-120  -60  79.1520 101.6621
-120  -50  79.1602 101.4734
-120  -40  79.2167 102.2797
-120  -30  79.3192 103.2711
-120  -20  78.5492 103.8719
-120  -10  79.2310 103.6963
-110    0  79.6503 103.0401
-110   10  80.8177 103.1274
-110   20  82.8154 103.2746
-110   30  84.0196 103.7939
-110   40  83.0742 103.9626
-110   50  80.2571 103.0640
-110   60  77.2600 101.5826
-110   70  74.3879 98.9706
-110   80  71.6953 96.2394
-110   90  69.4662 93.8103
-110  100  67.6376 91.8672
-110  110  66.9483 91.2773
-110  120  67.2215 91.1655
-110  130  68.9860 94.2562
-110  140  70.9420 96.1539
-110  150  73.0043 98.0551
-110  160  75.5773 100.4512
-110  170  75.1055 100.8940
-110  180  80.2796 103.6136
-110 -180  80.2796 103.6136
-110 -170  82.2578 105.0414
-110 -160  85.8712 107.5843
-110 -150  86.9034 109.0408
-110 -140  85.2090 109.5697
-110 -130  82.8044 109.3249
-110 -120  79.6552 106.3434
-110 -110  81.9215 106.4208
-110 -100  82.9615 105.9403
-110  -90  81.7949 104.7643
-110  -80  80.0635 103.4480
-110  -70  79.1848 102.0356
-110  -60  79.2359 101.3163
-110  -50  79.6810 101.4146
-110  -40  80.1666 102.3007
-110  -30  80.2748 103.3838
-110  -20  80.0017 103.9169
-110  -10  79.5701 103.5684
-100    0  80.3411 103.0199
-100   10  81.9527 103.3154
-100   20  83.3852 103.5870
-100   30  83.4965 103.9642
-100   40  81.6641 103.7182
-100   50  78.4979 102.3441
-100   60  76.0059 100.4584
-100   70  73.4423 97.7958
-100   80  71.3702 95.1942
-100   90  69.6985 92.9863
-100  100  68.3016 91.4895
-100  110  67.7878 91.1336
-100  120  68.3804 91.8406
-100  130  70.1907 93.8834
-100  140  72.1907 95.9912
-100  150  73.6769 98.2962
-100  160  75.1799 100.4076
-100  170  76.5478 101.8009
-100  180  80.9237 104.6634
-100 -180  80.9237 104.6634
-100 -170  84.4768 107.1792
-100 -160  86.7123 108.5902
-100 -150  86.2531 109.5756
-100 -140  83.7918 109.2065
-100 -130  82.4754 109.0211
-100 -120  83.1694 108.6525
-100 -110  83.4426 107.8239
-100 -100  82.1969 106.6608
-100  -90  81.7611 104.2149
-100  -80  79.9819 102.8805
-100  -70  79.4203 101.8086
-100  -60  79.8502 101.3062
-100  -50  80.5516 101.5709
-100  -40  80.9733 102.3954
-100  -30  80.9660 103.4246
-100  -20  80.4605 103.7296
-100  -10  79.8498 103.2891
 -90    0  80.8376 103.2317
 -90   10  82.5643 103.5933
 -90   20  83.0326 103.9139
 -90   30  82.2646 103.9296
 -90   40  79.9036 103.1193
 -90   50  77.5569 101.7251
 -90   60  75.4220 99.4322
 -90   70  73.5547 97.0769
 -90   80  72.0597 94.8505
 -90   90  70.8060 93.1068
 -90  100  69.9115 92.1877
 -90  110  69.6674 92.3842
 -90  120  70.2999 93.7434
 -90  130  71.7076 95.6641
 -90  140  73.5136 97.8502
 -90  150  75.0941 99.9076
 -90  160  76.2620 101.5902
 -90  170  79.2067 104.6291
 -90  180  81.7584 105.6288
 -90 -180  81.7584 105.6288
 -90 -170  85.4959 108.3666
 -90 -160  86.4829 109.1917
 -90 -150  84.8975 109.5579
 -90 -140  82.4270 109.1838
 -90 -130  82.8944 108.7018
 -90 -120  83.9249 108.0819
 -90 -110  83.0978 107.3036
 -90 -100  81.0383 105.8700
 -90  -90  79.7681 104.8790
 -90  -80  80.4791 102.7036
 -90  -70  80.1567 101.5442
 -90  -60  80.7934 101.2856
 -90  -50  81.2611 101.7432
 -90  -40  81.4326 102.4795
 -90  -30  81.2404 103.3224
 -90  -20  80.4689 103.4953
 -90  -10  80.3302 103.2374
 -80    0  82.0734 103.5461
 -80   10  82.4400 103.7135
 -80   20  81.9344 103.7322
 -80   30  80.4549 103.3247
 -80   40  78.3682 102.3649
 -80   50  76.9831 100.7826
 -80   60  75.4424 98.9037
 -80   70  74.3692 96.9057
 -80   80  73.7041 95.0238
 -80   90  72.9152 93.8861
 -80  100  72.1907 93.6093
 -80  110  72.0684 94.4340
 -80  120  72.4330 96.1533
 -80  130  73.5727 98.3252
 -80  140  75.0262 100.3387
 -80  150  76.4359 102.0665
 -80  160  77.4948 103.4558
 -80  170  79.6601 106.4434
 -80  180  83.2042 107.7329
 -80 -180  83.2042 107.7329
 -80 -170  85.4229 108.9168
 -80 -160  85.3522 109.4174
 -80 -150  83.1414 109.0728
 -80 -140  82.0568 108.7396
 -80 -130  83.7483 108.6569
 -80 -120  83.8078 107.6560
 -80 -110  81.7426 106.3176
 -80 -100  79.9142 105.0994
 -80  -90  79.5787 104.2923
 -80  -80  81.1363 102.3677
 -80  -70  81.1056 101.4352
 -80  -60  81.4144 100.9696
 -80  -50  81.5272 101.6534
 -80  -40  81.3841 102.3704
 -80  -30  80.9286 102.9622
 -80  -20  80.6280 103.2750
 -80  -10  80.7344 103.3783
 -70    0  82.1663 103.5007
 -70   10  81.6812 103.3553
 -70   20  80.3313 103.0817
 -70   30  78.7367 102.5122
 -70   40  77.3967 101.3990
 -70   50  76.6046 100.2085
 -70   60  75.6696 99.3156
 -70   70  75.6068 97.8428
 -70   80  75.1393 96.4941
 -70   90  75.3753 95.2289
 -70  100  74.3887 95.8424
 -70  110  74.0489 97.2335
 -70  120  74.4548 99.0280
 -70  130  75.3846 101.0049
 -70  140  76.5590 102.8716
 -70  150  77.7657 104.2832
 -70  160  78.6900 105.2206
 -70  170  80.2698 107.7048
 -70  180  83.3573 108.5667
 -70 -180  83.3573 108.5667
 -70 -170  84.3925 108.8847
 -70 -160  83.3339 108.6978
 -70 -150  81.4122 108.3991
 -70 -140  81.8483 107.9665
 -70 -130  83.9222 106.9196
 -70 -120  82.6532 106.7032
 -70 -110  80.2766 105.0212
 -70 -100  79.1029 103.7767
 -70  -90  79.7792 103.5152
 -70  -80  81.6155 101.4063
 -70  -70  81.7155 100.5148
 -70  -60  81.8880 100.4361
 -70  -50  81.6259 101.1658
 -70  -40  81.1899 102.0285
 -70  -30  80.9406 102.7417
 -70  -20  80.8921 103.1979
 -70  -10  81.1023 103.3309
 -60    0  80.3115 102.8497
 -60   10  80.1771 102.3122
 -60   20  78.3855 101.7821
 -60   30  76.7167 100.7879
 -60   40  76.8384 100.4648
 -60   50  76.7142 100.5754
 -60   60  78.0853 99.4867
 -60   70  78.8451 98.0386
 -60   80  77.7988 97.7087
 -60   90  76.5578 98.3116
 -60  100  76.2447 98.5477
 -60  110  75.8409 100.2419
 -60  120  76.2056 101.9535
 -60  130  76.9112 103.7022
 -60  140  77.8486 105.2025
 -60  150  78.8343 106.2854
 -60  160  78.8985 108.7461
 -60  170  80.7565 108.8138
 -60  180  82.6687 108.7779
 -60 -180  82.6687 108.7779
 -60 -170  82.7456 108.7108
 -60 -160  81.1437 108.2310
 -60 -150  80.9882 107.6478
 -60 -140  83.0963 106.9720
 -60 -130  86.4878 106.0061
 -60 -120  80.2757 104.6753
 -60 -110  78.5596 102.3263
 -60 -100  78.7417 102.1283
 -60  -90  80.2751 102.3355
 -60  -80  81.7966 99.8905
 -60  -70  81.6185 99.0682
 -60  -60  81.4506 99.0979
 -60  -50  81.1373 100.3191
 -60  -40  80.9882 101.6003
 -60  -30  81.0893 102.4650
 -60  -20  81.1906 103.0856
 -60  -10  81.1859 103.1461
 -50    0  78.7997 101.1740
 -50   10  77.6759 100.1506
 -50   20  76.1698 99.7000
 -50   30  75.8442 99.1405
 -50   40  76.5005 100.3480
 -50   50  79.7505 100.4522
 -50   60  84.0811 98.5101
 -50   70  82.1595 98.1900
 -50   80  79.7822 99.1397
 -50   90  78.1008 100.7309
 -50  100  77.4289 101.3007
 -50  110  77.1592 103.2063
 -50  120  77.5053 104.7553
 -50  130  78.1800 106.1297
 -50  140  79.0237 107.2123
 -50  150  79.7813 107.8469
 -50  160  79.4073 109.6964
 -50  170  80.6025 109.2043
 -50  180  81.4090 108.8682
 -50 -180  81.4090 108.8682
 -50 -170  80.4539 108.1194
 -50 -160  80.2346 107.2707
 -50 -150  82.4898 106.7668
 -50 -140  86.8861 105.8117
 -50 -130  81.7851 105.1593
 -50 -120  76.1779 101.0628
 -50 -110  76.7228 99.0898
 -50 -100  78.3599 100.2464
 -50  -90  80.9222 98.9069
 -50  -80  80.8319 97.4306
 -50  -70  80.1333 96.6997
 -50  -60  79.9570 97.7735
 -50  -50  80.3651 99.5355
 -50  -40  80.9363 101.1085
 -50  -30  81.3392 102.3364
 -50  -20  81.4694 102.6991
 -50  -10  80.8152 102.2405
 -40   30  75.4686 97.8127
 -40   40  79.8122 99.7519
 -40   80  80.1837 101.2187
 -40   90  78.6268 102.9160
 -40  100  78.0283 104.2921
 -40  110  78.2620 105.8453
 -40  120  78.8791 107.2456
 -40  130  79.5941 108.2123
 -40  140  80.2095 108.8541
 -40  150  80.6249 109.0679
 -40  160  80.1318 109.6031
 -40  170  79.9014 109.1820
 -40  180  79.7281 108.0188
 -40 -180  79.7281 108.0188
 -40 -170  79.3927 107.0724
 -40 -160  81.3175 106.4111
 -40 -150  86.7996 105.9531
 -40 -110  75.1500 96.5521
 -40 -100  77.9551 97.8794
 -40  -90  79.4677 95.5849
 -40  -60  78.5189 96.4151
 -40  -50  79.9994 99.1704
 -40  -40  81.1471 101.1093
 -40  -30  81.6855 101.9751
 -40  -20  81.2990 101.7474
 -30   30  77.7179 97.5496
 -30   80  79.6173 102.9029
 -30   90  78.6721 104.1988
 -30  100  78.7563 106.2778
 -30  110  79.5215 107.9369
 -30  120  80.3123 109.0717
 -30  130  80.8971 109.7218
 -30  140  81.1895 109.9483
 -30  150  81.1903 109.6325
 -30  160  80.6287 108.6113
 -30  170  79.4680 108.3839
 -30  180  79.0448 107.0859
 -30 -180  79.0448 107.0859
 -30 -170  80.3299 106.0247
 -30 -160  85.3566 105.6730
 -30 -100  77.4194 94.9661
 -30  -60  78.2613 101.8875
 -30  -50  80.2794 99.2994
 -30  -40  81.4521 101.1644
 -30  -30  81.4713 101.2815
 -20   80  79.1620 104.2638
 -20   90  78.9363 106.1560
 -20  100  79.8305 108.0910
 -20  110  80.9404 109.5029
 -20  120  81.6385 110.4964
 -20  130  81.9825 110.7061
 -20  140  81.9273 110.4395
 -20  150  81.3546 109.6361
 -20  160  80.3266 108.2768
 -20  170  78.4610 107.1161
 -20  180  76.2102 105.9292
 -20 -180  76.2102 105.9292
 -20 -170  83.8647 105.2870
 -20 -160  87.2231 106.0779
 -20  -60  78.6046 97.3345
 -20  -50  80.6498 100.0501
 -20  -40  81.2113 100.7567
 -10   70  79.9469 102.1667
 -10   80  79.0394 105.2199
 -10   90  79.9292 107.8439
 -10  100  81.2734 109.4243
 -10  110  82.0702 110.7208
 -10  120  82.5931 111.1947
 -10  130  82.6664 111.1066
 -10  140  82.0011 110.2802
 -10  150  80.9895 108.9901
 -10  160  79.7341 107.4977
 -10  170  77.7947 106.1274
 -10  180  75.7113 104.9420
 -10 -180  75.7113 104.9420
 -10 -170  89.4333 105.2800
 -10  -60  79.4529 98.9710
 -10  -50  80.5212 100.2265
 -10  -40  79.9250 99.1472
